2
9
20
26
53
58
60
61
64
89
92
115
127
131
139
142
150
163
164
166
194
217
222
237
257
271
272
275
289
292
294
297
314
329
336
338
342
354
363
369
372
373
379
380
402
412
413
414
438
442
461
481
531
541
564
569
576
585
590
605
606
616
647
655
661
663
677
680
682
692
697
700
706
717
718
729
742
746
749
754
797
804
828
834
842
847
848
850
851
855
877
882
894
896
897
906
914
926
937
945
967
987
988
990
991
1004
1006
1008
1030
1037
1050
1073
1079
1094
1098
1099
1110
1133
1149
1160
1163
1164
1171
1172
1176
1180
1187
1196
1198
1203
1212
1215
1220
1227
1232
1248
1253
1258
1261
1271
1273
1275
1280
1308
1345
1373
1379
1380
1408
1411
1431
1440
1446
1448
1460
1461
1473
1477
1487
1498
1508
1511
1537
1541
1545
1546
1554
1565
1568
1576
1580
1604
1613
1628
1630
1633
1646
1653
1663
1667
1672
1685
1692
1693
1704
1705
1738
1744
1762
1763
1764
1765
1767
1808
1812
1814
1818
1827
1840
1842
1845
1854
1865
1885
1911
1922
1928
1932
1934
1967
1973
1976
1979
1992
2003
2031
2032
2034
2036
2046
2050
2052
2069
2071
2072
2089
2106
2109
2129
2157
2164
2169
2176
2181
2185
2190
2204
2206
2208
2217
2220
2222
2224
2235
2236
2240
2254
2256
2264
2276
2277
2289
2290
2294
2317
2323
2334
2338
2341
2360
2361
2390
2392
2406
2407
2416
2420
2424
2439
2441
2443
2449
2451
2452
2458
2466
2467
2484
2485
2490
2520
2542
2546
2548
2560
2569
2578
2589
2596
2608
2647
2665
2686
2689
2715
2724
2732
2737
2742
2753
2772
2773
2799
2800
2801
2808
2809
2819
2827
2829
2832
2856
2859
2874
2888
2891
2893
2896
2902
2922
2943
2962
2963
2983
2990
3009
3018
3037
3038
3039
3052
3056
3061
3071
3072
3074
3088
3091
3092
3100
3101
3110
3117
3125
3138
3157
3182
3183
3184
3194
3203
3217
3218
3222
3235
3239
3240
3260
3261
3278
3280
3290
3312
3315
3334
3340
3350
3351
3352
3360
3370
3388
3399
3417
3436
3437
3439
3450
3455
3457
3458
3459
3475
3477
3484
3496
3503
3504
3547
3548
3573
3608
3611
3624
3625
3631
3639
3652
3666
3668
3686
3694
3697
3701
3708
3716
3724
3732
3738
3739
3753
3761
3783
3817
3828
3837
3838
3857
3862
3877
3903
3905
3911
3945
3946
3957
3973
3978
3984
3990
4035
4038
4055
4075
4088
4097
4099
4102
4107
4114
4125
4132
4133
4135
4146
4169
4172
4174
4178
4180
4195
4197
4205
4224
4228
4240
4252
4264
4274
4283
4292
4297
4318
4336
4346
4361
4379
4382
4386
4406
4409
4410
4417
4423
4433
4436
4438
4439
4454
4460
4464
4473
4493
4494
4498
4513
4522
4538
4540
4549
4564
4567
4593
4613
4616
4619
4626
4633
4636
4641
4703
4707
4721
4730
4737
4746
4757
4758
4768
4779
4780
4781
4782
4787
4789
4791
4796
4798
4802
4812
4822
4829
4833
4837
4838
4839
4874
4877
4890
4896
4919
4939
4952
4954
4959
5002
5032
5033
5038
5046
5047
5064
5069
5077
5085
5091
5101
5105
5111
5117
5118
5122
5124
5134
5138
5150
5155
5175
5180
5195
5198
5217
5265
5278
5287
5293
5295
5313
5322
5324
5331
5356
5361
5366
5381
5401
5406
5410
5444
5445
5450
5482
5490
5513
5533
5549
5580
5581
5590
5613
5623
5631
5636
5639
5673
5689
5703
5720
5734
5735
5755
5764
5777
5792
5796
5805
5807
5813
5822
5835
5854
5863
5880
5891
5899
5936
5944
5945
5954
5960
5969
5982
5989
6009
6025
6028
6035
6037
6049
6058
6095
6101
6107
6120
6127
6128
6154
6160
6184
6189
6193
6210
6215
6218
6220
6235
6253
6256
6258
6260
6268
6271
6283
6308
6312
6314
6323
6329
6336
6351
6424
6429
6448
6449
6454
6462
6469
6483
6484
6490
6519
6532
6536
6546
6552
6556
6560
6596
6598
6608
6621
6652
6653
6656
6669
6672
6674
6689
6714
6716
6724
6729
6733
6753
6759
6761
6778
6794
6797
6798
6804
6810
6812
6817
6833
6865
6879
6887
6890
6901
6941
6949
6955
6990
6995
6996
7002
7009
7011
7019
7036
7045
7077
7083
7090
7100
7120
7124
7145
7152
7166
7178
7186
7191
7204
7211
7227
7248
7280
7282
7285
7296
7299
7319
7327
7333
7343
7350
7357
7366
7399
7417
7426
7442
7459
7464
7487
7489
7502
7517
7526
7551
7560
7573
7578
7579
7596
7611
7637
7652
7657
7677
7703
7705
7722
7723
7725
7726
7734
7749
7751
7779
7804
7817
7826
7843
7854
7863
7864
7883
7903
7914
7919
7955
7958
7965
7974
7984
7999
8006
8011
8026
8037
8041
8061
8081
8086
8101
8117
8174
8179
8207
8208
8215
8235
8239
8240
8243
8261
8266
8270
8278
8281
8298
8317
8325
8333
8341
8344
8346
8370
8380
8399
8400
8412
8415
8438
8457
8458
8466
8477
8495
8508
8534
8539
8553
8560
8567
8570
8579
8580
8583
8587
8600
8603
8622
8634
8644
8650
8657
8673
8677
8695
8696
8706
8711
8737
8747
8755
8768
8769
8775
8787
8796
8825
8832
8840
8842
8854
8857
8869
8872
8874
8875
8887
8890
8906
8914
8925
8930
8943
8944
8950
8956
8962
8964
8973
8995
8996
9025
9026
9029
9030
9040
9046
9071
9091
9100
9108
9109
9116
9137
9139
9145
9147
9148
9149
9172
9189
9190
9216
9245
9282
9321
9337
9348
9353
9362
9370
9375
9385
9388
9391
9392
9410
9431
9436
9442
9461
9465
9493
9496
9513
9536
9541
9547
9558
9566
9573
9585
9586
9595
9597
9626
9632
9634
9667
9701
9704
9709
9714
9718
9741
9746
9761
9781
9795
9821
9867
9880
9883
9887
9920
9931
9940
9957
9976
9980
9984
9993
10013
10018
10033
10060
10103
10104
10114
10133
10150
10153
10159
10172
10175
10177
10191
10196
10209
10212
10216
10225
10236
10241
10252
10262
10269
10303
10310
10311
10313
10320
10331
10338
10350
10351
10371
10391
10396
10433
10437
10459
10460
10462
10467
10489
10491
10494
10504
10521
10525
10549
10558
10560
10571
10587
10594
10607
10612
10618
10626
10631
10633
10634
10636
10639
10641
10642
10643
10670
10679
10683
10690
10693
10695
10704
10724
10736
10737
10758
10768
10778
10789
10809
10812
10829
10832
10845
10850
10854
10858
10869
10870
10888
10899
10908
10912
10918
10923
10928
10937
10942
10952
10960
10964
10967
10990
10997
11005
11008
11009
11016
11023
11024
11040
11044
11046
11073
11113
11124
11126
11127
11131
11144
11145
11148
11153
11165
11167
11184
11209
11227
11255
11256
11264
11283
11303
11314
11323
11343
11369
11378
11381
11389
11408
11414
11419
11424
11434
11447
11459
11460
11463
11468
11471
11494
11495
11496
11512
11547
11567
11578
11585
11598
11624
11627
11629
11641
11646
11649
11652
11653
11658
11670
11685
11690
11692
11709
11713
11740
11744
11764
11767
11770
11783
11799
11815
11818
11824
11852
11861
11879
11886
11893
11913
11916
11930
11953
11955
11956
11962
11965
11967
11981
11986
11988
12001
12019
12028
12033
12034
12036
12052
12055
12058
12064
12070
12075
12077
12098
12102
12105
12121
12122
12125
12169
12187
12192
12194
12197
12224
12227
12247
12256
12267
12279
12285
12291
12306
12316
12322
12327
12328
12332
12343
12384
12396
12397
12398
12418
12427
12438
12458
12460
12465
12472
12485
12505
12525
12530
12538
12543
12564
12577
12581
12589
12595
12610
12612
12615
12618
12639
12644
12654
12675
12687
12711
12726
12731
12749
12755
12760
12763
12779
12786
12788
12790
12795
12817
12820
12827
12830
12867
12870
12873
12912
12915
12922
12935
12948
12955
12966
12969
12972
12973
12976
12991
12997
13008
13009
13052
13068
13069
13071
13073
13104
13125
13128
13132
13143
13163
13183
13223
13236
13241
13251
13252
13263
13267
13271
13291
13302
13339
13340
13350
13363
13367
13385
13418
13419
13426
13430
13441
13443
13446
13451
13458
13463
13471
13473
13500
13507
13520
13539
13541
13548
13553
13564
13634
13640
13650
13653
13664
13683
13688
13714
13727
13765
13766
13775
13817
13823
13841
13848
13850
13852
13856
13861
13864
13868
13870
13878
13901
13902
13908
13942
13943
13968
13981
13986
13987
14018
14027
14036
14047
14064
14066
14067
14086
14103
14105
14134
14156
14175
14176
14185
14187
14188
14193
14194
14198
14206
14207
14220
14241
14257
14259
14260
14272
14274
14285
14290
14296
14326
14335
14349
14351
14390
14397
14411
14415
14424
14426
14432
14433
14440
14449
14469
14482
14496
14501
14520
14528
14537
14538
14539
14542
14546
14572
14578
14587
14592
14602
14616
14620
14621
14637
14650
14652
14654
14657
14683
14695
14700
14703
14715
14720
14739
14740
14769
14774
14781
14785
14788
14793
14811
14865
14882
14885
14904
14905
14927
14939
14947
14957
14966
14972
14976
14981
14990
15011
15023
15027
15035
15038
15058
15059
15078
15092
15100
15111
15141
15161
15179
15180
15184
15207
15214
15218
15259
15274
15283
15294
15298
15299
15310
15313
15347
15352
15359
15373
15376
15394
15400
15405
15416
15420
15426
15429
15432
15456
15479
15514
15521
15525
15543
15551
15556
15563
15568
15576
15604
15613
15615
15617
15622
15665
15668
15682
15683
15686
15703
15719
15729
15735
15752
15783
15784
15787
15821
15822
15840
15841
15852
15866
15871
15876
15891
15916
15927
15931
15942
15943
15981
16009
16037
16048
16051
16068
16093
16094
16098
16127
16155
16168
16180
16195
16206
16214
16216
16225
16251
16279
16290
16293
16302
16312
16313
16314
16331
16338
16359
16387
16389
16391
16397
16399
16431
16434
16438
16443
16448
16450
16459
16464
16466
16526
16531
16542
16551
16566
16571
16572
16578
16589
16593
16600
16601
16605
16612
16625
16652
16680
16685
16706
16719
16723
16738
16765
16802
16807
16818
16850
16851
16856
16863
16865
16874
16875
16886
16899
16912
16913
16929
16942
16947
16969
16977
16982
16985
16995
16996
17015
17018
17020
17045
17057
17067
17074
17076
17091
17102
17141
17157
17158
17182
17198
17203
17215
17218
17231
17238
17250
17256
17268
17276
17281
17299
17300
17313
17321
17325
17357
17390
17399
17406
17412
17415
17417
17428
17444
17450
17451
17469
17474
17478
17492
17493
17498
17511
17523
17536
17552
17561
17565
17568
17573
17576
17577
17590
17592
17604
17613
17633
17640
17678
17690
17694
17701
17717
17730
17733
17736
17740
17744
17746
17749
17767
17769
17774
17791
17801
17822
17823
17837
17842
17844
17850
17857
17862
17865
17868
17870
17891
17896
17898
17913
17916
17922
17926
17931
17934
17940
17944
17949
17954
17970
17976
17991
18000
18008
18011
18026
18031
18054
18056
18062
18071
18081
18088
18092
18098
18101
18121
18133
18136
18145
18180
18184
18185
18190
18200
18202
18203
18223
18233
18245
18246
18279
18283
18294
18297
18306
18308
18327
18332
18345
18362
18365
18385
18398
18420
18436
18438
18445
18455
18473
18483
18484
18487
18490
18496
18501
18504
18512
18519
18551
18560
18570
18571
18578
18582
18589
18592
18596
18601
18604
18607
18617
18636
18637
18638
18654
18686
18708
18717
18724
18726
18730
18745
18751
18767
18787
18807
18823
18831
18846
18854
18866
18867
18877
18888
18898
18905
18913
18937
18941
18954
18961
18981
18988
18990
18999
19017
19026
19032
19033
19034
19044
19055
19059
19064
19076
19088
19107
19111
19112
19121
19123
19138
19161
19192
19198
19202
19217
19233
19249
19252
19281
19286
19287
19294
19299
19311
19340
19357
19375
19378
19380
19389
19401
19404
19405
19406
19414
19418
19427
19447
19467
19478
19483
19484
19498
19499
19514
19520
19521
19522
19531
19561
19564
19573
19599
19608
19621
19634
19637
19657
19666
19672
19677
19697
19700
19727
19789
19794
19795
19810
19813
19819
19827
19831
19840
19853
19875
19882
19907
19922
19923
19936
19943
19952
19957
19961
19975
19983
19998
20008
20011
20040
20053
20056
20059
20063
20069
20074
20082
20098
20110
20118
20144
20149
20169
20172
20176
20180
20182
20183
20197
20208
20211
20219
20230
20234
20236
20250
20251
20258
20262
20276
20287
20293
20294
20297
20303
20337
20338
20346
20368
20379
20396
20399
20415
20425
20429
20447
20455
20460
20464
20467
20468
20484
20490
20496
20525
20527
20529
20574
20585
20599
20617
20620
20633
20634
20650
20651
20652
20653
20665
20680
20696
20702
20711
20714
20717
20726
20730
20741
20768
20776
20794
20809
20813
20835
20836
20851
20894
20897
20907
20908
20924
20932
20950
20956
20962
20972
20995
20999
21017
21022
21037
21057
21076
21077
21096
21107
21119
21130
21131
21134
21140
21152
21163
21181
21186
21223
21232
21235
21246
21262
21263
21269
21270
21287
21296
21304
21307
21326
21327
21339
21340
21363
21374
21393
21417
21430
21431
21442
21448
21461
21472
21480
21490
21491
21499
21500
21503
21517
21541
21561
21581
21590
21611
21619
21627
21642
21644
21648
21653
21655
21664
21729
21731
21738
21743
21746
21770
21776
21777
21792
21797
21814
21817
21822
21828
21830
21837
21846
21849
21858
21867
21875
21882
21886
21887
21888
21906
21916
21922
21931
21935
21936
21940
21951
21968
21973
21988
21992
21994
21999
22012
22028
22031
22034
22051
22064
22071
22085
22096
22098
22105
22138
22161
22189
22197
22233
22242
22253
22262
22273
22276
22285
22295
22311
22327
22331
22355
22361
22367
22372
22394
22400
22402
22403
22409
22418
22434
22456
22461
22472
22479
22480
22482
22495
22504
22518
22525
22531
22535
22537
22544
22547
22553
22563
22564
22572
22574
22580
22584
22590
22595
22602
22607
22614
22630
22645
22652
22660
22666
22670
22676
22677
22694
22697
22699
22714
22722
22747
22750
22766
22768
22771
22774
22786
22818
22838
22839
22843
22865
22885
22905
22933
22960
22968
22970
22974
22980
22985
22988
22991
22992
22997
23014
23017
23031
23033
23055
23083
23085
23096
23103
23121
23122
23135
23150
23151
23152
23174
23175
23187
23188
23196
23197
23199
23201
23208
23269
23270
23272
23274
23276
23286
23299
23306
23307
23326
23339
23359
23375
23393
23406
23409
23411
23429
23432
23435
23459
23474
23478
23484
23486
23513
23528
23529
23538
23549
23565
23580
23583
23587
23592
23595
23596
23599
23608
23615
23618
23623
23636
23641
23644
23648
23658
23664
23670
23685
23692
23696
23713
23714
23761
23781
23801
23834
23837
23855
23871
23878
23881
23896
23904
23913
23933
23936
23956
23974
23979
23992
23999
24018
24019
24032
24033
24039
24047
24052
24076
24084
24087
24109
24113
24114
24120
24154
24161
24169
24174
24192
24195
24233
24244
24253
24258
24262
24272
24273
24274
24282
24287
24292
24295
24296
24298
24302
24316
24327
24334
24340
24365
24378
24391
24432
24437
24456
24471
24472
24493
24506
24511
24514
24527
24530
24542
24543
24547
24590
24601
24604
24607
24637
24642
24648
24653
24668
24669
24703
24713
24719
24734
24744
24745
24758
24761
24766
24767
24781
24795
24798
24810
24822
24855
24866
24869
24874
24880
24885
24894
24901
24912
24922
24929
24941
24976
24977
24980
24986
24992
25001
25006
25014
25048
25050
25053
25056
25073
25086
25093
25100
25109
25114
25154
25162
25169
25170
25173
25175
25176
25180
25182
25184
25188
25194
25197
25218
25234
25255
25260
25279
25288
25292
25293
25313
25333
25334
25347
25353
25361
25378
25380
25382
25396
25401
25410
25419
25438
25470
25471
25479
25484
25488
25490
25498
25503
25534
25550
25555
25558
25575
25602
25604
25605
25612
25613
25616
25621
25635
25644
25653
25656
25660
25662
25668
25670
25682
25722
25737
25739
25759
25760
25772
25784
25790
25791
25811
25826
25831
25844
25845
25846
25848
25856
25866
25869
25875
25878
25884
25887
25894
25903
25925
25931
25938
25956
25960
25971
25990
25995
26000
26015
26035
26067
26074
26086
26105
26106
26109
26111
26128
26132
26137
26166
26172
26192
26193
26207
26217
26235
26242
26246
26249
26264
26269
26281
26288
26293
26296
26297
26309
26319
26334
26352
26365
26367
26435
26450
26456
26458
26465
26480
26494
26506
26510
26544
26546
26564
26567
26573
26582
26588
26599
26618
26627
26634
26652
26653
26673
26693
26704
26725
26738
26758
26763
26767
26769
26790
26797
26798
26808
26816
26847
26855
26858
26864
26869
26872
26879
26890
26897
26904
26911
26963
26985
26992
27001
27014
27036
27040
27041
27044
27055
27056
27077
27080
27088
27097
27102
27125
27129
27141
27180
27196
27213
27218
27221
27222
27227
27267
27272
27308
27315
27335
27346
27351
27352
27364
27365
27371
27398
27424
27433
27437
27473
27476
27487
27494
27495
27514
27517
27538
27552
27555
27575
27584
27586
27588
27591
27612
27617
27676
27686
27689
27694
27695
27713
27715
27738
27743
27765
27776
27782
27800
27809
27824
27825
27826
27832
27857
27882
27901
27914
27919
27922
27939
27948
27955
27959
27979
27980
28008
28020
28022
28028
28034
28036
28043
28049
28081
28086
28089
28096
28109
28121
28124
28128
28139
28146
28159
28164
28173
28190
28217
28225
28227
28237
28243
28248
28253
28290
28304
28310
28311
28312
28327
28363
28373
28393
28398
28426
28442
28449
28461
28462
28464
28468
28487
28492
28493
28500
28501
28509
28517
28518
28551
28556
28573
28578
28584
28588
28599
28600
28610
28614
28615
28635
28652
28655
28669
28683
28691
28700
28703
28705
28706
28747
28767
28799
28800
28806
28823
28843
28860
28863
28866
28907
28914
28917
28919
28938
28942
28948
28963
28976
28980
28996
29007
29011
29024
29046
29047
29054
29063
29075
29115
29122
29123
29130
29135
29141
29166
29193
29196
29206
29207
29218
29228
29241
29251
29252
29256
29258
29271
29291
29321
29339
29340
29358
29367
29372
29385
29418
29429
29435
29442
29444
29461
29467
29484
29485
29503
29523
29530
29538
29542
29549
29550
29558
29561
29566
29574
29577
29584
29588
29590
29593
29600
29606
29617
29631
29638
29645
29683
29688
29690
29692
29703
29721
29739
29742
29744
29747
29754
29761
29764
29767
29779
29788
29792
29794
29814
29818
29820
29827
29854
29864
29866
29879
29884
29885
29898
29910
29914
29922
29929
29941
29942
29946
29960
29992
30005
30006
30016
30039
30052
30059
30066
30079
30108
30113
30121
30134
30151
30164
30167
30169
30174
30180
30186
30195
30198
30215
30231
30234
30243
30253
30266
30269
30272
30276
30283
30287
30298
30311
30316
30321
30326
30327
30361
30367
30422
30447
30458
30463
30464
30472
30506
30529
30536
30542
30552
30554
30573
30588
30590
30593
30602
30613
30637
30658
30666
30682
30683
30691
30702
30708
30725
30736
30745
30763
30765
30773
30779
30792
30795
30815
30830
30835
30846
30851
30861
30863
30868
30875
30876
30886
30888
30890
30908
30921
30927
30933
30953
30954
31006
31025
31029
31036
31050
31051
31052
31067
31083
31090
31102
31106
31111
31114
31121
31123
31126
31159
31163
31164
31223
31224
31227
31235
31246
31251
31285
31305
31315
31317
31322
31324
31340
31359
31378
31403
31407
31412
31416
31419
31433
31436
31438
31448
31453
31458
31471
31484
31501
31514
31517
31522
31536
31539
31541
31543
31549
31552
31563
31574
31580
31583
31598
31601
31632
31660
31668
31669
31692
31711
31717
31728
31743
31750
31761
31774
31776
31777
31790
31793
31814
31817
31858
31860
31872
31883
31885
31940
31941
31951
31965
31977
31984
31994
32014
32015
32020
32027
32032
32037
32045
32049
32053
32056
32069
32084
32088
32094
32101
32108
32112
32124
32125
32126
32139
32164
32172
32178
32182
32186
32188
32191
32213
32232
32238
32262
32272
32278
32286
32301
32308
32310
32321
32328
32340
32341
32369
32384
32387
32391
32412
32419
32425
32442
32448
32458
32466
32469
32487
32498
32499
32512
32513
32518
32524
32556
32558
32560
32565
32578
32583
32602
32628
32647
32657
32661
32669
32673
32683
32719
32761
32762
32769
32772
32776
32787
32798
32801
32802
32813
32829
32830
32832
32838
32851
32862
32865
32895
32911
32917
32939
32976
32993
32997
33011
33031
33051
33064
33070
33083
33106
33115
33117
33119
33125
33127
33143
33165
33177
33195
33204
33218
33248
33262
33265
33282
33285
33301
33306
33312
33317
33320
33322
33346
33347
33355
33359
33391
33411
33415
33426
33473
33478
33493
33506
33509
33523
33545
33551
33552
33554
33561
33563
33565
33574
33614
33626
33630
33637
33638
33650
33671
33679
33702
33708
33711
33714
33718
33720
33726
33731
33740
33747
33761
33787
33792
33803
33805
33816
33824
33833
33846
33849
33852
33853
33872
33882
33884
33888
33889
33894
33900
33915
33922
33925
33926
33932
33952
33955
33958
33971
33991
33994
34000
34015
34022
34027
34028
34035
34043
34067
34093
34101
34102
34109
34130
34133
34138
34144
34146
34185
34192
34205
34210
34216
34221
34234
34240
34249
34266
34275
34279
34281
34290
34294
34303
34346
34348
34349
34354
34357
34361
34367
34379
34389
34406
34409
34424
34428
34429
34430
34449
34464
34465
34468
34497
34498
34507
34530
34537
34545
34550
34570
34571
34572
34593
34596
34611
34631
34682
34683
34709
34733
34735
34742
34744
34750
34752
34756
34780
34781
34784
34808
34809
34810
34823
34830
34855
34860
34875
34895
34947
34948
34949
34953
34955
34971
34988
34991
34994
35003
35075
35078
35095
35098
35115
35126
35136
35141
35142
35144
35152
35166
35178
35179
35183
35186
35201
35227
35229
35234
35254
35256
35258
35259
35263
35293
35304
35312
35314
35319
35324
35335
35362
35363
35392
35402
35412
35413
35418
35425
35429
35442
35461
35472
35482
35490
35493
35513
35533
35534
35546
35551
35581
35583
35584
35585
35590
35624
35626
35635
35656
35662
35665
35673
35686
35705
35716
35725
35748
35752
35759
35769
35771
35780
35813
35818
35822
35830
35840
35849
35852
35866
35875
35879
35884
35895
35904
35913
35926
35931
35946
35951
35952
35964
35966
35989
36017
36025
36053
36073
36075
36092
36097
36131
36151
36160
36171
36174
36190
36191
36200
36202
36204
36208
36212
36218
36222
36226
36228
36235
36243
36246
36279
36280
36286
36296
36314
36322
36336
36339
36342
36346
36350
36359
36364
36379
36384
36394
36399
36400
36419
36428
36434
36435
36441
36455
36466
36483
36494
36502
36513
36518
36540
36548
36552
36557
36577
36584
36596
36597
36619
36630
36632
36634
36640
36641
36647
36659
36664
36668
36674
36675
36676
36706
36726
36733
36742
36759
36773
36790
36791
36795
36817
36836
36837
36867
36877
36897
36907
36909
36923
36932
36938
36940
36941
36952
36962
36970
36976
36977
37000
37010
37019
37067
37074
37076
37080
37087
37104
37112
37128
37144
37156
37171
37176
37221
37227
37239
37248
37251
37257
37262
37264
37272
37273
37294
37295
37302
37311
37328
37339
37366
37372
37381
37385
37388
37392
37395
37410
37419
37429
37447
37450
37485
37487
37490
37492
37496
37505
37516
37519
37528
37530
37546
37562
37585
37594
37603
37616
37623
37633
37634
37640
37645
37648
37683
37687
37712
37722
37731
37736
37747
37767
37785
37793
37794
37799
37800
37815
37826
37840
37846
37851
37858
37884
37893
37899
37907
37916
37945
37958
37961
37975
37986
37988
38011
38012
38021
38041
38047
38052
38072
38079
38093
38111
38122
38131
38132
38147
38150
38168
38169
38173
38175
38188
38201
38203
38209
38227
38229
38236
38253
38262
38270
38274
38284
38286
38296
38301
38316
38323
38336
38343
38363
38370
38372
38373
38375
38385
38392
38402
38407
38428
38475
38496
38498
38500
38503
38515
38518
38524
38531
38551
38567
38568
38583
38601
38603
38616
38619
38622
38630
38631
38645
38654
38668
38671
38710
38716
38717
38737
38757
38777
38786
38789
38803
38812
38821
38822
38834
38852
38855
38871
38872
38891
38898
38906
38919
38922
38938
38957
38960
38966
38973
38978
38984
38997
39024
39046
39058
39063
39078
39080
39083
39101
39110
39117
39123
39128
39129
39151
39182
39186
39204
39209
39218
39239
39241
39245
39248
39255
39269
39272
39287
39298
39302
39303
39304
39324
39339
39341
39361
39365
39368
39375
39386
39396
39404
39413
39414
39433
39435
39443
39458
39471
39486
39491
39492
39511
39514
39522
39525
39529
39536
39543
39548
39551
39558
39563
39584
39590
39607
39634
39635
39636
39638
39667
39670
39674
39680
39690
39703
39720
39723
39730
39738
39743
39763
39783
39791
39799
39809
39812
39833
39844
39866
39867
39875
39886
39891
39894
39916
39943
39954
39963
39976
39983
39990
40013
40025
40030
40062
40066
40081
40094
40112
40116
40123
40130
40135
40156
40163
40164
40168
40169
40187
40224
40225
40226
40234
40236
40238
40267
40285
40288
40299
40309
40316
40334
40343
40354
40361
40363
40379
40392
40402
40424
40426
40429
40444
40449
40450
40460
40493
40495
40496
40519
40523
40529
40548
40552
40573
40576
40593
40600
40601
40602
40606
40621
40657
40660
40671
40672
40677
40680
40702
40703
40709
40719
40721
40723
40766
40793
40806
40827
40834
40835
40842
40846
40867
40885
40903
40910
40912
40913
40919
40923
40933
40934
40946
40950
40955
40970
40990
40992
41006
41020
41022
41028
41036
41043
41066
41068
41075
41079
41093
41096
41098
41109
41120
41125
41145
41159
41163
41166
41173
41192
41206
41220
41293
41298
41307
41319
41342
41354
41355
41373
41381
41426
41440
41444
41455
41456
41473
41482
41499
41511
41528
41531
41568
41569
41574
41576
41580
41625
41626
41648
41655
41664
41671
41678
41680
41686
41691
41714
41716
41722
41724
41749
41774
41775
41780
41796
41804
41818
41825
41838
41845
41846
41864
41865
41870
41885
41886
41906
41913
41915
41921
41923
41925
41930
41950
41964
41977
41981
41990
41991
41993
42018
42032
42033
42042
42078
42099
42116
42119
42128
42139
42167
42181
42187
42198
42213
42216
42233
42236
42239
42249
42263
42272
42286
42300
42302
42304
42329
42330
42333
42345
42346
42357
42377
42382
42399
42411
42421
42425
42455
42464
42471
42484
42507
42519
42536
42547
42553
42567
42574
42587
42607
42616
42620
42638
42653
42676
42684
42697
42710
42711
42742
42750
42766
42770
42774
42779
42781
42787
42793
42809
42812
42816
42822
42825
42854
42857
42858
42895
42933
42952
42953
42956
42973
42995
43009
43010
43015
43022
43026
43038
43041
43068
43073
43078
43106
43112
43119
43123
43130
43137
43150
43152
43156
43157
43173
43217
43219
43228
43231
43239
43272
43274
43275
43278
43291
43295
43302
43355
43364
43370
43375
43395
43398
43415
43433
43452
43467
43473
43481
43487
43507
43516
43530
43531
43571
43600
43601
43604
43608
43612
43614
43621
43622
43626
43634
43636
43639
43657
43675
43688
43700
43703
43709
43713
43721
43732
43737
43740
43756
43757
43781
43797
43812
43819
43832
43835
43858
43881
43904
43906
43928
43929
43934
43947
43949
43954
43983
43987
44013
44027
44037
44052
44053
44068
44086
44088
44091
44100
44105
44110
44124
44137
44153
44155
44167
44190
44213
44224
44232
44233
44251
44256
44264
44275
44279
44283
44284
44291
44294
44301
44332
44342
44345
44352
44356
44379
44386
44405
44419
44447
44459
44464
44466
44479
44496
44499
44515
44521
44523
44528
44530
44535
44544
44581
44584
44587
44593
44594
44613
44620
44632
44636
44646
44668
44685
44688
44689
44694
44711
44712
44731
44751
44761
44765
44771
44791
44798
44831
44842
44850
44860
44877
44885
44894
44904
44905
44921
44922
44937
44942
44956
44960
44977
44983
44990
44998
45009
45017
45025
45033
45038
45048
45064
45069
45095
45100
45121
45137
45148
45153
45172
45173
45184
45191
45198
45210
45213
45214
45219
45231
45234
45238
45243
45252
45278
45280
45296
45299
45316
45318
45325
45330
45339
45353
45357
45391
45394
45404
45424
45429
45472
45485
45507
45538
45550
45560
45564
45565
45574
45578
45590
45611
45613
45670
45674
45681
45685
45709
45718
45724
45729
45740
45749
45751
45752
45761
45773
45778
45788
45794
45815
45821
45827
45834
45847
45860
45876
45912
45915
45916
45928
45936
45950
45981
45982
46004
46022
46033
46037
46038
46052
46057
46059
46097
46104
46112
46124
46128
46140
46150
46164
46172
46194
46220
46230
46232
46234
46245
46257
46281
46305
46314
46324
46325
46333
46352
46357
46367
46374
46384
46388
46401
46402
46415
46431
46451
46456
46460
46467
46472
46487
46498
46503
46530
46533
46550
46561
46564
46568
46577
46613
46622
46623
46624
46643
46644
46668
46677
46691
46711
46712
46716
46728
46731
46734
46745
46749
46754
46757
46761
46766
46777
46781
46786
46790
46795
46798
46806
46843
46846
46852
46877
46881
46884
46886
46894
46920
46922
46925
46939
46955
46960
46976
46993
46995
47001
47002
47028
47029
47033
47044
47058
47068
47070
47086
47089
47092
47094
47109
47121
47128
47159
47175
47198
47210
47211
47215
47240
47252
47276
47282
47285
47293
47299
47308
47313
47318
47326
47330
47334
47336
47347
47363
47365
47368
47379
47397
47410
47413
47431
47477
47483
47491
47500
47507
47518
47521
47523
47532
47541
47558
47566
47569
47571
47589
47606
47607
47608
47627
47665
47674
47680
47691
47695
47701
47708
47732
47744
47750
47763
47764
47771
47779
47805
47814
47823
47826
47843
47871
47884
47921
47927
47937
47961
47981
47996
48000
48013
48015
48018
48020
48047
48048
48056
48067
48068
48084
48087
48103
48120
48123
48172
48194
48195
48198
48202
48215
48216
48235
48240
48252
48282
48286
48288
48310
48313
48314
48316
48327
48342
48357
48365
48373
48376
48379
48389
48393
48399
48402
48405
48410
48418
48436
48442
48447
48448
48466
48467
48470
48478
48486
48487
48496
48508
48514
48520
48522
48535
48546
48553
48558
48581
48582
48595
48596
48608
48635
48646
48653
48660
48669
48685
48690
48703
48710
48728
48730
48745
48754
48763
48764
48779
48782
48785
48786
48813
48819
48833
48835
48840
48846
48853
48854
48870
48876
48880
48885
48890
48892
48903
48919
48928
48936
48937
48942
48953
48957
48959
48961
48962
48970
48972
48984
48990
49000
49001
49005
49015
49017
49050
49072
49078
49092
49102
49105
49127
49138
49144
49146
49155
49162
49169
49172
49195
49196
49206
49211
49237
49251
49256
49271
49274
49289
49299
49309
49325
49341
49345
49373
49379
49382
49398
49417
49423
49479
49480
49501
49513
49514
49542
49546
49552
49587
49609
49629
49646
49647
49665
49676
49683
49688
49692
49700
49707
49712
49722
49733
49741
49745
49753
49754
49777
49823
49843
49850
49858
49861
49874
49881
49897
49920
49934
49937
49940
49942
49967
49979
49982
49994
49998
50005
50009
50014
50022
50031
50049
50050
50069
50080
50089
50090
50109
50134
50149
50152
50154
50161
50164
50182
50183
50188
50189
50203
50216
50243
50267
50282
50284
50299
50314
50319
50339
50377
50388
50389
50405
50411
50416
50419
50427
50432
50433
50450
50466
50471
50486
50502
50510
50517
50531
50547
50564
50567
50583
50587
50591
50599
50606
50609
50616
50636
50653
50656
50673
50694
50699
50704
50712
50725
50737
50757
50777
50801
50819
50835
50841
50844
50846
50858
50879
50889
50916
50917
50937
50948
50957
50980
50981
50998
51018
51026
51028
51046
51047
51049
51056
51071
51076
51077
51081
51098
51111
51114
51125
51135
51146
51155
51170
51175
51182
51199
51202
51221
51225
51255
51261
51263
51264
51270
51288
51309
51312
51325
51328
51337
51338
51350
51351
51360
51368
51374
51382
51383
51396
51403
51423
51445
51449
51453
51454
51482
51515
51549
51579
51593
51600
51604
51622
51625
51637
51652
51657
51677
51678
51684
51689
51693
51694
51703
51712
51722
51723
51780
51791
51814
51817
51820
51823
51838
51853
51860
51868
51873
51893
51894
51902
51921
51923
51926
51929
51939
51944
51951
51962
51966
51979
52007
52015
52024
52063
52074
52087
52103
52112
52128
52140
52155
52158
52165
52193
52200
52211
52222
52229
52243
52246
52260
52267
52274
52277
52279
52293
52299
52308
52343
52344
52346
52348
52377
52384
52402
52414
52417
52424
52437
52442
52448
52457
52473
52499
52515
52517
52519
52522
52532
52564
52566
52572
52580
52589
52600
52604
52623
52631
52642
52652
52658
52663
52681
52682
52703
52704
52708
52721
52727
52729
52734
52748
52756
52789
52815
52823
52838
52852
52855
52873
52876
52893
52909
52919
52920
52935
52945
52949
52958
52973
52979
52985
52988
52996
53025
53031
53032
53052
53062
53078
53093
53109
53125
53130
53134
53141
53144
53145
53149
53157
53163
53192
53205
53222
53226
53249
53254
53260
53263
53278
53288
53295
53300
53307
53327
53346
53347
53362
53363
53364
53378
53384
53411
53421
53426
53439
53446
53449
53450
53451
53452
53458
53459
53476
53477
53492
53495
53519
53528
53546
53551
53559
53564
53576
53582
53596
53602
53607
53613
53618
53622
53631
53633
53649
53654
53655
53673
53674
53693
53710
53713
53731
53738
53739
53753
53760
53767
53768
53776
53807
53808
53820
53834
53850
53856
53867
53873
53883
53888
53898
53902
53905
53912
53914
53925
53945
53955
53965
53974
53985
53988
53990
54007
54009
54017
54041
54042
54046
54109
54112
54116
54129
54130
54149
54156
54158
54171
54175
54179
54187
54197
54234
54245
54264
54276
54279
54294
54309
54319
54324
54347
54358
54359
54374
54376
54379
54399
54410
54412
54415
54419
54422
54427
54431
54447
54452
54455
54466
54473
54521
54563
54567
54582
54588
54617
54628
54634
54637
54650
54657
54668
54672
54686
54710
54718
54729
54742
54745
54748
54769
54770
54777
54778
54785
54791
54801
54807
54813
54814
54819
54826
54852
54861
54869
54878
54881
54895
54899
54903
54906
54911
54918
54921
54936
54960
54991
54992
54998
55004
55005
55024
55025
55037
55053
55073
55074
55085
55087
55098
55101
55109
55124
55136
55141
55160
55178
55181
55187
55191
55197
55206
55239
55258
55280
55282
55285
55294
55303
55318
55320
55323
55328
55332
55337
55339
55340
55351
55359
55385
55416
55418
55421
55423
55424
55427
55469
55490
55511
55516
55522
55529
55532
55538
55546
55549
55552
55564
55575
55577
55585
55597
55598
55605
55607
55630
55641
55654
55658
55673
55675
55676
55684
55687
55690
55736
55753
55773
55774
55776
55788
55793
55810
55812
55821
55828
55860
55872
55877
55883
55891
55898
55924
55925
55927
55930
55944
55948
55954
55964
55976
55981
55983
55990
56011
56031
56059
56060
56072
56080
56084
56094
56106
56122
56142
56143
56146
56147
56150
56173
56183
56184
56187
56190
56227
56244
56247
56258
56267
56268
56276
56280
56281
56293
56302
56311
56316
56319
56320
56330
56331
56334
56350
56364
56375
56376
56379
56380
56395
56400
56406
56417
56422
56440
56445
56452
56477
56484
56496
56497
56516
56532
56539
56550
56551
56563
56564
56595
56596
56620
56642
56646
56648
56659
56671
56676
56698
56699
56700
56705
56723
56740
56743
56758
56763
56770
56784
56793
56797
56799
56802
56808
56818
56825
56826
56827
56833
56853
56855
56856
56886
56893
56946
56951
56958
56970
56977
56997
57002
57011
57026
57035
57043
57051
57059
57076
57082
57102
57111
57114
57123
57126
57127
57135
57144
57146
57155
57184
57208
57209
57224
57228
57229
57249
57279
57328
57343
57354
57361
57368
57370
57371
57375
57382
57389
57417
57422
57443
57459
57466
57482
57499
57524
57530
57537
57538
57544
57548
57559
57569
57582
57585
57589
57630
57637
57677
57687
57690
57704
57706
57708
57709
57712
57713
57721
57724
57733
57747
57779
57803
57819
57835
57840
57841
57844
57845
57857
57861
57862
57873
57875
57892
57915
57934
57937
57938
57940
57946
57950
57965
57972
57985
58003
58018
58023
58037
58047
58049
58057
58066
58101
58105
58151
58153
58164
58174
58184
58194
58208
58209
58210
58211
58212
58218
58225
58231
58240
58269
58279
58289
58300
58319
58325
58340
58347
58364
58380
58390
58400
58416
58417
58420
58432
58433
58436
58463
58474
58478
58482
58496
58504
58514
58531
58545
58548
58551
58555
58559
58579
58603
58613
58621
58627
58630
58634
58650
58661
58684
58697
58712
58722
58730
58744
58749
58764
58780
58795
58797
58805
58813
58823
58833
58840
58843
58847
58867
58873
58875
58895
58902
58906
58919
58938
58947
58956
58980
58984
58986
58987
58992
58994
58999
59020
59026
59042
59047
59055
59063
59069
59077
59087
59106
59108
59126
59139
59144
59159
59169
59179
59185
59210
59219
59227
59232
59240
59259
59261
59268
59283
59300
59312
59321
59335
59357
59367
59376
59386
59392
59401
59407
59413
59432
59434
59451
59465
59481
59491
59501
59515
59522
59534
59543
59551
59580
59582
59589
59599
59608
59614
59620
59623
59629
59647
59657
59674
59690
59700
59708
59716
59722
59727
59743
59753
59759
59766
59772
59780
59789
59799
59809
59821
59852
59862
59863
59874
59879
59881
59893
59900
59905
59915
59922
59931
59933
59941
59943
59951
59975
