0
11
35
47
65
100
132
138
145
173
175
182
191
219
236
239
244
259
266
273
278
284
287
306
316
328
332
335
376
396
403
407
417
420
437
463
474
480
496
502
504
512
513
514
516
523
537
543
544
554
579
610
614
620
622
625
635
652
653
679
690
699
719
722
748
751
757
768
771
775
778
799
805
815
832
836
837
845
879
886
899
912
915
916
921
924
947
956
960
964
970
985
1024
1032
1039
1062
1071
1087
1089
1104
1109
1111
1135
1162
1206
1210
1222
1245
1263
1265
1276
1278
1283
1285
1288
1298
1311
1313
1324
1325
1328
1340
1356
1382
1402
1406
1413
1420
1430
1433
1442
1467
1468
1481
1482
1485
1490
1509
1514
1516
1524
1526
1556
1575
1577
1587
1592
1615
1635
1638
1650
1670
1690
1691
1702
1721
1752
1785
1795
1806
1810
1813
1817
1824
1834
1847
1864
1867
1887
1913
1929
1955
1961
1965
1970
1978
1991
1993
1996
1997
2000
2028
2037
2038
2049
2056
2080
2091
2111
2120
2131
2143
2165
2172
2182
2186
2193
2209
2211
2248
2250
2258
2266
2268
2272
2279
2281
2282
2287
2304
2308
2313
2328
2329
2330
2343
2363
2368
2395
2401
2405
2412
2414
2428
2445
2461
2478
2515
2527
2537
2544
2549
2551
2554
2566
2571
2592
2605
2620
2622
2639
2646
2651
2655
2674
2690
2698
2713
2727
2739
2744
2755
2758
2775
2780
2857
2861
2868
2869
2885
2900
2912
2916
2921
2928
2933
2945
2946
2948
2965
2966
2968
2993
2999
3007
3025
3031
3062
3085
3118
3126
3129
3137
3141
3170
3180
3185
3188
3204
3205
3216
3219
3266
3271
3275
3285
3289
3301
3326
3356
3361
3378
3384
3385
3401
3416
3419
3433
3453
3467
3500
3525
3527
3535
3539
3558
3563
3575
3580
3595
3613
3634
3635
3637
3638
3648
3669
3681
3682
3685
3695
3705
3752
3768
3801
3819
3832
3839
3859
3860
3864
3870
3875
3907
3921
3922
3944
3972
3974
3988
4004
4007
4015
4017
4037
4048
4057
4062
4076
4077
4104
4113
4119
4126
4134
4167
4168
4171
4177
4184
4192
4194
4247
4259
4290
4299
4302
4304
4309
4312
4327
4376
4397
4411
4413
4416
4424
4443
4450
4462
4475
4480
4495
4515
4529
4558
4562
4573
4590
4596
4600
4601
4614
4617
4622
4625
4645
4665
4666
4670
4695
4704
4711
4723
4728
4739
4752
4760
4786
4801
4820
4844
4845
4847
4885
4908
4921
4940
4941
4948
4961
4969
4974
4987
5027
5028
5056
5060
5061
5066
5079
5081
5109
5157
5158
5164
5177
5188
5210
5211
5240
5254
5255
5292
5303
5309
5363
5378
5382
5383
5403
5414
5417
5423
5424
5440
5452
5453
5456
5489
5499
5506
5515
5526
5550
5551
5591
5598
5599
5603
5606
5617
5620
5653
5666
5668
5678
5685
5688
5712
5719
5737
5742
5752
5757
5771
5776
5828
5839
5847
5856
5857
5866
5872
5873
5887
5904
5925
5934
5939
5947
5971
5984
5991
6004
6011
6018
6026
6027
6068
6077
6086
6096
6112
6151
6169
6171
6177
6180
6188
6195
6198
6200
6217
6237
6255
6264
6274
6276
6290
6300
6305
6324
6346
6352
6359
6363
6370
6374
6385
6389
6399
6401
6407
6412
6418
6426
6431
6434
6451
6471
6472
6501
6504
6513
6524
6527
6529
6555
6557
6569
6610
6636
6644
6646
6655
6660
6664
6671
6680
6691
6712
6735
6749
6772
6776
6781
6782
6786
6829
6830
6836
6840
6848
6849
6852
6853
6867
6868
6884
6888
6929
6936
6978
6980
6981
6983
6984
6988
6997
7024
7032
7044
7047
7068
7073
7081
7091
7103
7112
7114
7133
7137
7144
7154
7159
7165
7172
7193
7216
7232
7235
7238
7244
7246
7249
7260
7270
7276
7279
7302
7311
7321
7323
7346
7351
7354
7368
7374
7377
7382
7390
7419
7443
7444
7448
7449
7457
7475
7480
7481
7482
7498
7531
7535
7546
7583
7591
7592
7595
7639
7640
7659
7670
7699
7735
7738
7739
7740
7802
7820
7833
7840
7842
7845
7848
7865
7884
7885
7888
7900
7902
7907
7917
7927
7962
7963
7964
7967
7988
7989
7998
8010
8022
8023
8027
8056
8062
8103
8104
8119
8126
8128
8173
8178
8183
8190
8209
8245
8252
8260
8263
8307
8320
8337
8339
8392
8414
8419
8421
8426
8434
8435
8459
8479
8504
8519
8521
8548
8549
8569
8623
8624
8639
8642
8646
8649
8656
8668
8676
8712
8713
8728
8731
8734
8744
8748
8757
8766
8767
8779
8789
8819
8835
8856
8876
8900
8909
8927
8938
8945
8975
8986
8988
9009
9028
9033
9044
9062
9064
9073
9084
9093
9096
9111
9124
9138
9159
9160
9163
9170
9171
9205
9207
9228
9232
9236
9259
9261
9291
9320
9323
9326
9328
9330
9336
9339
9340
9344
9352
9366
9367
9368
9376
9381
9384
9387
9397
9414
9419
9450
9462
9464
9495
9514
9515
9531
9539
9565
9568
9578
9581
9587
9589
9605
9607
9646
9647
9652
9684
9690
9738
9743
9763
9770
9783
9800
9801
9807
9814
9824
9845
9849
9858
9859
9898
9899
9919
9945
9947
9951
9958
9995
10008
10015
10030
10035
10049
10051
10056
10062
10065
10092
10111
10146
10162
10173
10182
10185
10192
10211
10226
10227
10244
10255
10258
10277
10280
10286
10288
10316
10333
10353
10370
10373
10385
10386
10397
10400
10401
10412
10421
10432
10434
10441
10451
10465
10492
10498
10506
10509
10536
10538
10543
10546
10566
10578
10586
10589
10598
10610
10622
10652
10653
10656
10661
10665
10701
10703
10740
10742
10749
10751
10764
10770
10777
10782
10791
10798
10804
10811
10814
10822
10831
10871
10877
10884
10891
10894
10903
10904
10939
10943
10954
10958
10961
10987
10995
11025
11055
11064
11094
11115
11118
11136
11141
11154
11179
11182
11198
11237
11238
11260
11265
11270
11305
11310
11324
11325
11338
11345
11356
11359
11375
11393
11396
11397
11402
11410
11417
11456
11470
11472
11477
11484
11486
11492
11500
11505
11507
11523
11542
11549
11569
11572
11587
11590
11596
11599
11609
11631
11638
11643
11644
11656
11659
11674
11695
11696
11706
11707
11721
11725
11739
11776
11782
11785
11790
11801
11802
11806
11817
11839
11842
11850
11864
11873
11876
11882
11889
11922
11928
11935
11936
11963
11966
11980
11983
12003
12016
12021
12039
12046
12082
12083
12087
12092
12097
12110
12137
12146
12157
12181
12210
12229
12232
12249
12269
12284
12289
12331
12341
12347
12358
12376
12381
12386
12405
12449
12467
12470
12476
12484
12487
12488
12502
12507
12519
12540
12548
12561
12566
12569
12572
12574
12588
12604
12611
12626
12631
12637
12638
12650
12684
12688
12689
12692
12694
12695
12697
12701
12713
12714
12733
12736
12756
12770
12800
12804
12816
12818
12821
12829
12843
12856
12862
12891
12893
12898
12917
12937
12940
12957
12962
12978
12986
12996
13021
13036
13040
13058
13060
13070
13078
13092
13094
13120
13145
13165
13182
13185
13229
13232
13234
13237
13248
13253
13256
13262
13264
13276
13279
13284
13300
13305
13312
13321
13324
13328
13331
13336
13345
13348
13360
13368
13387
13394
13400
13404
13457
13460
13466
13502
13505
13509
13517
13532
13533
13538
13551
13580
13591
13594
13602
13603
13619
13633
13642
13659
13663
13681
13699
13708
13716
13724
13732
13747
13749
13783
13784
13796
13800
13811
13821
13829
13843
13862
13863
13886
13938
13940
13946
13948
13958
13988
13991
14006
14009
14029
14048
14049
14054
14069
14074
14078
14085
14090
14096
14100
14106
14122
14143
14144
14150
14168
14171
14180
14183
14195
14199
14204
14213
14214
14218
14233
14251
14316
14318
14368
14370
14376
14389
14404
14428
14435
14444
14451
14471
14483
14485
14486
14489
14507
14512
14534
14543
14544
14549
14562
14591
14599
14609
14623
14628
14630
14639
14659
14670
14672
14673
14688
14689
14707
14709
14713
14714
14737
14742
14748
14799
14806
14828
14839
14854
14862
14867
14887
14894
14907
14917
14918
14933
14946
14951
14955
14970
14979
14994
15000
15012
15024
15041
15054
15066
15069
15070
15071
15085
15110
15116
15118
15126
15136
15140
15143
15144
15155
15178
15193
15197
15206
15232
15238
15273
15284
15285
15301
15304
15306
15315
15337
15358
15362
15365
15371
15374
15378
15390
15398
15402
15415
15421
15444
15462
15464
15481
15488
15528
15538
15549
15552
15558
15571
15579
15594
15611
15631
15655
15661
15676
15685
15698
15702
15720
15726
15732
15742
15767
15768
15771
15778
15781
15791
15794
15800
15804
15810
15812
15819
15830
15834
15855
15873
15874
15880
15884
15886
15892
15893
15915
15918
15949
15969
15975
15984
15996
16010
16011
16017
16028
16038
16063
16072
16084
16092
16095
16112
16116
16120
16126
16129
16157
16164
16165
16174
16210
16213
16215
16219
16242
16257
16268
16276
16295
16310
16315
16333
16347
16353
16356
16357
16358
16364
16374
16380
16384
16393
16400
16405
16406
16424
16426
16442
16446
16471
16487
16490
16494
16499
16511
16513
16533
16553
16558
16573
16574
16582
16586
16592
16603
16629
16633
16646
16647
16655
16671
16682
16692
16698
16733
16737
16745
16767
16780
16784
16819
16832
16834
16844
16845
16862
16908
16910
16926
16931
16956
16959
16980
16993
17006
17016
17024
17073
17094
17097
17099
17118
17132
17138
17156
17159
17172
17201
17217
17219
17224
17239
17247
17264
17277
17294
17298
17312
17338
17366
17385
17387
17400
17414
17436
17446
17453
17461
17468
17494
17495
17502
17504
17514
17522
17543
17544
17558
17567
17572
17578
17583
17584
17598
17608
17610
17631
17642
17645
17651
17665
17680
17716
17722
17732
17739
17742
17747
17780
17794
17811
17819
17869
17879
17886
17890
17914
17915
17920
17951
17971
17981
18005
18018
18067
18080
18083
18090
18103
18123
18141
18151
18157
18162
18167
18172
18186
18189
18197
18209
18234
18237
18248
18254
18276
18298
18313
18326
18329
18340
18342
18347
18364
18366
18379
18399
18404
18416
18417
18418
18431
18440
18446
18456
18457
18470
18476
18481
18495
18508
18511
18518
18550
18553
18573
18591
18594
18600
18639
18673
18676
18696
18699
18701
18719
18723
18749
18769
18778
18782
18789
18808
18822
18829
18839
18875
18879
18882
18897
18925
18929
18932
18934
18938
18947
18949
18968
19001
19019
19020
19022
19035
19056
19077
19078
19081
19083
19089
19106
19108
19130
19160
19162
19170
19173
19174
19175
19186
19207
19219
19236
19279
19288
19301
19306
19318
19319
19328
19353
19354
19364
19366
19374
19390
19396
19398
19422
19429
19430
19436
19449
19456
19469
19472
19476
19487
19497
19506
19529
19533
19551
19578
19585
19589
19590
19607
19609
19610
19638
19659
19670
19676
19679
19699
19702
19706
19717
19719
19741
19746
19752
19759
19775
19797
19820
19825
19839
19846
19849
19852
19858
19862
19867
19868
19870
19874
19888
19892
19909
19920
19925
19942
19944
19945
19958
19959
19973
19980
19994
19996
20000
20006
20017
20033
20034
20038
20044
20091
20092
20093
20097
20101
20109
20120
20125
20140
20151
20171
20185
20186
20190
20199
20200
20209
20210
20246
20266
20306
20325
20331
20342
20359
20374
20381
20390
20428
20453
20476
20479
20528
20530
20534
20547
20564
20569
20575
20586
20590
20598
20601
20628
20635
20668
20693
20716
20718
20754
20769
20777
20784
20791
20793
20799
20804
20815
20837
20853
20854
20860
20878
20881
20885
20890
20914
20922
20933
20935
20976
20994
21005
21011
21013
21016
21027
21034
21039
21058
21059
21079
21093
21114
21115
21124
21139
21155
21157
21184
21198
21204
21206
21210
21225
21227
21233
21244
21252
21259
21264
21275
21276
21289
21309
21329
21338
21346
21360
21365
21371
21385
21397
21416
21433
21439
21440
21455
21481
21484
21489
21519
21530
21532
21543
21548
21550
21558
21563
21583
21588
21604
21609
21626
21629
21632
21661
21671
21677
21678
21707
21734
21739
21749
21754
21779
21782
21799
21806
21810
21819
21820
21833
21836
21850
21865
21873
21883
21895
21902
21914
21919
21927
21956
21963
21976
21989
22015
22020
22030
22033
22038
22042
22053
22073
22089
22101
22102
22130
22147
22156
22180
22186
22193
22194
22205
22211
22235
22244
22255
22264
22268
22272
22275
22302
22310
22329
22354
22363
22379
22380
22382
22393
22396
22426
22428
22431
22463
22470
22506
22508
22509
22517
22541
22556
22565
22566
22571
22575
22581
22599
22622
22638
22647
22650
22679
22680
22686
22704
22720
22729
22732
22734
22736
22746
22756
22779
22783
22801
22802
22805
22819
22821
22822
22827
22845
22846
22866
22867
22887
22907
22918
22920
22935
22942
22951
22973
22979
22983
23005
23006
23007
23011
23065
23066
23105
23123
23137
23146
23158
23169
23183
23189
23191
23200
23209
23211
23226
23235
23237
23249
23252
23264
23312
23324
23332
23336
23341
23361
23377
23384
23385
23392
23407
23418
23424
23434
23438
23449
23452
23455
23496
23497
23508
23514
23516
23518
23531
23544
23546
23550
23567
23568
23597
23620
23629
23630
23632
23633
23640
23651
23655
23668
23671
23676
23689
23690
23722
23725
23733
23734
23736
23746
23763
23783
23792
23806
23808
23824
23825
23827
23832
23836
23858
23861
23869
23870
23874
23903
23906
23912
23918
23920
23923
23925
23927
23928
23938
23947
23972
23981
23996
24001
24004
24021
24043
24045
24056
24068
24077
24093
24097
24100
24106
24107
24117
24128
24149
24166
24170
24173
24180
24202
24217
24232
24235
24250
24252
24255
24275
24283
24310
24317
24318
24323
24324
24330
24332
24335
24353
24361
24374
24394
24402
24403
24408
24421
24426
24439
24473
24490
24492
24504
24516
24519
24559
24574
24579
24595
24608
24614
24630
24650
24660
24666
24671
24683
24708
24716
24718
24725
24730
24765
24773
24778
24792
24799
24812
24819
24820
24847
24854
24859
24864
24887
24890
24903
24908
24910
24921
24951
24960
24995
25002
25023
25025
25066
25075
25080
25084
25096
25111
25144
25158
25177
25178
25190
25192
25198
25203
25223
25240
25259
25273
25283
25295
25315
25330
25335
25342
25356
25357
25359
25384
25391
25402
25407
25411
25423
25440
25457
25466
25468
25483
25494
25508
25521
25539
25557
25560
25566
25577
25580
25588
25598
25603
25622
25623
25654
25659
25669
25675
25678
25679
25711
25720
25723
25726
25738
25747
25762
25765
25778
25793
25813
25832
25840
25886
25891
25913
25930
25935
25936
25954
25958
25966
25967
25973
25997
26017
26018
26020
26024
26030
26034
26037
26062
26066
26069
26094
26098
26102
26112
26113
26131
26134
26143
26150
26163
26195
26196
26198
26204
26206
26211
26228
26229
26236
26239
26240
26251
26283
26286
26290
26313
26320
26328
26331
26360
26363
26368
26370
26381
26387
26398
26404
26407
26411
26413
26432
26437
26451
26460
26464
26466
26467
26481
26484
26493
26517
26538
26547
26552
26553
26570
26572
26574
26590
26592
26607
26615
26621
26636
26637
26648
26655
26675
26676
26680
26695
26700
26706
26727
26736
26752
26771
26787
26793
26803
26814
26823
26842
26856
26857
26862
26868
26873
26876
26891
26896
26901
26913
26918
26926
26972
26976
26978
26995
27000
27002
27009
27038
27042
27043
27049
27053
27062
27065
27079
27099
27100
27117
27127
27139
27154
27176
27179
27193
27216
27224
27228
27253
27255
27259
27263
27271
27288
27291
27296
27310
27314
27317
27337
27340
27353
27375
27377
27378
27400
27403
27408
27412
27416
27417
27421
27422
27431
27441
27452
27471
27482
27499
27500
27502
27510
27526
27539
27557
27576
27593
27594
27602
27607
27627
27648
27656
27668
27699
27711
27727
27742
27745
27760
27764
27767
27777
27778
27801
27802
27813
27814
27818
27845
27877
27903
27921
27941
27942
27952
27954
27963
27975
27996
27997
28029
28040
28046
28048
28057
28060
28080
28097
28103
28116
28141
28148
28161
28172
28175
28178
28209
28231
28254
28258
28259
28261
28267
28271
28277
28280
28315
28332
28340
28345
28356
28360
28372
28375
28376
28384
28395
28410
28413
28430
28434
28455
28465
28469
28477
28478
28491
28504
28512
28534
28570
28579
28589
28596
28606
28608
28617
28637
28654
28657
28658
28666
28679
28717
28720
28732
28748
28762
28770
28777
28845
28846
28854
28865
28874
28886
28899
28918
28924
28939
28949
28951
28952
28974
28994
29006
29008
29021
29027
29029
29037
29038
29049
29058
29065
29066
29076
29077
29100
29107
29112
29120
29129
29150
29155
29156
29157
29174
29197
29204
29248
29253
29264
29268
29273
29293
29307
29308
29310
29316
29329
29343
29344
29348
29354
29359
29361
29384
29404
29410
29433
29457
29462
29473
29487
29505
29524
29525
29534
29539
29555
29569
29571
29572
29616
29637
29648
29649
29659
29685
29696
29705
29708
29712
29723
29748
29749
29759
29760
29771
29781
29787
29790
29804
29815
29817
29830
29834
29842
29845
29852
29870
29871
29880
29890
29892
29912
29915
29916
29924
29940
29955
29977
30012
30020
30028
30030
30042
30046
30061
30081
30082
30086
30112
30125
30132
30197
30216
30217
30233
30262
30278
30280
30285
30288
30315
30323
30333
30351
30371
30390
30393
30396
30399
30402
30403
30405
30410
30448
30456
30476
30482
30488
30499
30514
30528
30544
30553
30566
30572
30575
30595
30615
30622
30626
30647
30676
30697
30714
30761
30766
30797
30817
30837
30842
30853
30858
30864
30896
30900
30903
30918
30928
30957
30961
30980
30983
30991
31005
31007
31008
31010
31013
31022
31028
31031
31053
31069
31078
31086
31099
31149
31151
31158
31186
31190
31211
31214
31222
31230
31242
31252
31253
31266
31287
31290
31301
31302
31316
31328
31335
31344
31346
31352
31402
31413
31415
31418
31424
31434
31435
31442
31455
31472
31473
31489
31495
31496
31499
31519
31520
31545
31554
31584
31590
31615
31618
31637
31644
31649
31650
31651
31682
31687
31694
31702
31734
31746
31756
31763
31768
31772
31779
31782
31795
31819
31820
31821
31838
31863
31875
31886
31891
31900
31921
31926
31929
31944
31946
31953
31976
31979
31982
31999
32001
32023
32026
32039
32040
32052
32059
32060
32074
32080
32090
32107
32132
32134
32136
32141
32154
32156
32168
32198
32200
32214
32217
32233
32248
32254
32258
32277
32283
32287
32290
32303
32322
32323
32324
32343
32344
32348
32354
32362
32372
32386
32393
32394
32397
32415
32445
32488
32492
32501
32506
32507
32511
32519
32533
32537
32547
32548
32566
32567
32570
32582
32585
32598
32600
32603
32614
32616
32646
32659
32671
32674
32684
32686
32697
32698
32699
32702
32707
32711
32720
32724
32737
32748
32750
32755
32757
32758
32788
32815
32822
32828
32831
32840
32870
32875
32902
32915
32923
32943
32954
32961
32987
32992
32996
33001
33013
33033
33044
33046
33053
33071
33077
33081
33121
33137
33138
33200
33206
33216
33220
33221
33222
33235
33245
33247
33260
33267
33288
33294
33303
33321
33324
33340
33349
33352
33365
33376
33404
33409
33420
33437
33448
33475
33494
33495
33502
33511
33528
33537
33553
33555
33562
33573
33575
33598
33602
33603
33605
33617
33622
33632
33674
33690
33700
33713
33733
33734
33748
33749
33767
33773
33808
33811
33815
33825
33858
33866
33876
33892
33903
33905
33909
33928
33954
33968
33972
33973
33993
34002
34005
34021
34039
34041
34050
34065
34082
34112
34114
34115
34122
34128
34137
34139
34148
34159
34187
34242
34270
34274
34276
34288
34299
34309
34325
34340
34362
34365
34370
34391
34400
34411
34431
34438
34448
34453
34463
34473
34474
34478
34505
34509
34527
34557
34561
34579
34581
34584
34602
34610
34626
34674
34692
34711
34720
34727
34755
34760
34800
34806
34811
34817
34821
34829
34836
34841
34843
34857
34858
34868
34877
34882
34888
34908
34913
34932
34952
34965
34984
34996
35029
35040
35041
35046
35057
35062
35077
35082
35097
35100
35114
35117
35133
35147
35151
35164
35171
35172
35187
35207
35214
35224
35228
35247
35267
35268
35274
35276
35287
35310
35326
35350
35369
35388
35390
35394
35397
35406
35420
35462
35466
35495
35500
35515
35535
35545
35567
35570
35602
35608
35609
35611
35618
35628
35650
35674
35702
35707
35727
35738
35743
35747
35766
35784
35787
35797
35799
35838
35858
35864
35867
35889
35903
35906
35915
35933
35953
35975
35976
35977
36011
36015
36026
36028
36059
36060
36065
36086
36087
36089
36091
36111
36118
36126
36153
36173
36193
36207
36214
36217
36236
36244
36245
36252
36253
36256
36268
36289
36303
36309
36330
36332
36341
36354
36361
36366
36381
36405
36407
36424
36437
36452
36453
36454
36470
36480
36482
36487
36493
36495
36508
36514
36516
36528
36539
36544
36556
36559
36579
36588
36599
36602
36609
36638
36639
36642
36658
36661
36663
36683
36690
36695
36697
36722
36729
36736
36739
36750
36756
36774
36787
36800
36804
36812
36819
36839
36850
36883
36885
36888
36896
36900
36918
36939
36981
36984
36987
36989
36999
37004
37006
37016
37031
37049
37056
37066
37069
37070
37072
37086
37089
37114
37117
37119
37137
37148
37160
37164
37180
37181
37216
37226
37249
37270
37275
37276
37300
37308
37313
37341
37358
37364
37375
37379
37380
37407
37409
37413
37414
37438
37448
37453
37465
37472
37507
37521
37548
37551
37552
37557
37558
37567
37574
37582
37584
37589
37590
37592
37597
37606
37609
37662
37680
37698
37699
37717
37726
37740
37749
37750
37791
37805
37807
37817
37820
37823
37830
37836
37842
37850
37852
37864
37865
37874
37894
37929
37983
37992
38019
38023
38038
38059
38060
38071
38073
38090
38113
38134
38165
38189
38194
38202
38217
38222
38234
38240
38250
38252
38254
38266
38280
38285
38287
38295
38298
38313
38314
38325
38345
38360
38362
38365
38378
38408
38414
38433
38439
38459
38477
38481
38486
38508
38512
38513
38533
38546
38553
38564
38569
38577
38592
38594
38604
38608
38610
38612
38624
38626
38628
38648
38655
38656
38658
38675
38678
38689
38698
38708
38719
38726
38739
38756
38759
38762
38773
38792
38798
38801
38817
38818
38830
38843
38848
38851
38864
38883
38888
38896
38902
38907
38931
38932
38934
38940
38944
38959
39015
39021
39027
39065
39085
39103
39114
39120
39126
39132
39158
39176
39197
39208
39211
39214
39225
39230
39253
39271
39274
39280
39311
39335
39374
39380
39381
39400
39405
39409
39410
39416
39424
39427
39436
39460
39468
39473
39482
39493
39502
39513
39516
39526
39539
39556
39562
39573
39574
39625
39629
39645
39666
39671
39681
39689
39700
39722
39725
39745
39748
39765
39773
39780
39803
39807
39808
39831
39858
39881
39901
39903
39910
39923
39940
39945
39946
39952
39958
39962
39964
39965
39966
39972
39978
39985
39996
39999
40008
40014
40021
40032
40041
40057
40059
40088
40125
40127
40133
40144
40154
40159
40172
40175
40182
40189
40194
40207
40227
40253
40255
40258
40268
40290
40291
40326
40346
40347
40350
40353
40393
40422
40431
40432
40434
40473
40474
40478
40489
40511
40518
40534
40535
40546
40567
40587
40599
40623
40624
40640
40654
40659
40669
40674
40678
40688
40695
40704
40711
40713
40731
40733
40736
40738
40748
40756
40759
40761
40773
40776
40824
40840
40868
40869
40887
40902
40905
40920
40930
40959
40963
40964
40966
40972
40993
41000
41001
41016
41023
41025
41032
41045
41049
41063
41072
41091
41094
41127
41140
41144
41147
41152
41185
41186
41202
41208
41215
41223
41230
41241
41243
41258
41263
41277
41278
41305
41312
41314
41321
41322
41370
41387
41389
41390
41402
41435
41457
41462
41475
41486
41498
41509
41521
41522
41523
41533
41539
41548
41566
41582
41587
41602
41610
41618
41628
41657
41670
41673
41674
41682
41693
41719
41731
41737
41752
41754
41759
41772
41786
41798
41803
41808
41815
41847
41867
41868
41887
41904
41926
41933
41934
41938
41945
41949
41951
41957
41970
41980
42046
42047
42049
42085
42101
42108
42110
42121
42122
42141
42193
42221
42232
42237
42244
42252
42267
42274
42287
42312
42317
42321
42322
42334
42337
42338
42359
42372
42379
42387
42390
42392
42407
42414
42428
42431
42436
42447
42449
42480
42509
42511
42517
42520
42543
42554
42555
42556
42560
42569
42572
42589
42590
42604
42609
42626
42631
42641
42652
42659
42660
42663
42680
42687
42698
42705
42747
42753
42756
42760
42761
42762
42827
42836
42850
42863
42864
42889
42910
42917
42935
42940
42955
42964
42970
42983
42984
43021
43048
43055
43056
43066
43084
43098
43111
43127
43136
43139
43144
43148
43159
43175
43189
43199
43206
43212
43218
43221
43233
43244
43245
43262
43289
43303
43308
43318
43319
43328
43357
43368
43377
43397
43402
43409
43412
43432
43442
43451
43454
43459
43488
43503
43506
43508
43510
43523
43529
43540
43560
43568
43574
43585
43587
43591
43603
43623
43638
43641
43648
43651
43676
43680
43691
43696
43699
43716
43733
43748
43753
43766
43772
43776
43780
43799
43803
43805
43809
43820
43837
43838
43855
43856
43867
43882
43936
43937
43946
43957
43985
44003
44006
44009
44014
44018
44055
44099
44106
44135
44147
44148
44152
44164
44165
44215
44235
44253
44262
44263
44292
44293
44307
44329
44341
44381
44383
44390
44404
44406
44461
44476
44480
44481
44488
44494
44501
44506
44508
44554
44563
44564
44621
44625
44634
44642
44647
44651
44662
44664
44665
44667
44673
44674
44691
44706
44713
44733
44736
44738
44752
44753
44760
44773
44781
44783
44793
44802
44804
44810
44816
44819
44820
44821
44830
44845
44852
44858
44869
44907
44910
44916
44923
44924
44928
44930
44938
44939
44964
44970
44976
44987
44991
44999
45003
45011
45012
45018
45024
45036
45049
45052
45070
45072
45091
45101
45111
45118
45124
45132
45134
45139
45155
45160
45166
45175
45211
45212
45222
45226
45233
45250
45256
45261
45263
45282
45292
45295
45305
45334
45344
45360
45390
45393
45423
45432
45443
45452
45470
45482
45490
45491
45497
45512
45519
45526
45534
45536
45547
45562
45567
45582
45591
45602
45604
45607
45616
45624
45629
45667
45711
45716
45726
45731
45753
45770
45780
45797
45808
45826
45870
45872
45875
45883
45886
45890
45894
45897
45899
45919
45924
45933
45947
45963
45987
45991
46019
46060
46073
46086
46091
46102
46108
46149
46152
46169
46180
46188
46195
46203
46244
46290
46300
46307
46312
46322
46331
46358
46365
46366
46369
46378
46381
46418
46448
46453
46458
46469
46476
46489
46509
46513
46522
46531
46544
46554
46576
46597
46599
46608
46610
46612
46635
46640
46667
46675
46693
46700
46713
46720
46733
46759
46768
46774
46787
46805
46808
46813
46824
46829
46847
46862
46878
46890
46891
46895
46901
46914
46924
46941
46948
46965
46968
46989
46990
46996
46999
47016
47020
47021
47039
47060
47077
47081
47098
47104
47107
47115
47130
47138
47146
47177
47193
47204
47208
47250
47251
47256
47278
47281
47284
47296
47301
47305
47314
47319
47320
47339
47348
47357
47366
47381
47412
47414
47428
47433
47444
47449
47468
47471
47475
47494
47503
47526
47528
47543
47554
47586
47591
47609
47622
47624
47629
47630
47641
47646
47661
47683
47707
47718
47737
47741
47757
47768
47769
47825
47828
47832
47845
47846
47848
47854
47856
47858
47866
47873
47889
47915
47919
47920
47934
47938
47940
47944
47949
47951
47952
47955
47968
47972
47983
47995
48004
48016
48046
48049
48058
48069
48078
48094
48113
48132
48134
48143
48161
48197
48214
48217
48230
48237
48249
48251
48260
48269
48307
48345
48348
48353
48358
48367
48369
48374
48397
48400
48408
48424
48425
48440
48449
48469
48489
48512
48533
48541
48561
48564
48567
48572
48576
48586
48606
48615
48623
48637
48644
48659
48671
48680
48687
48705
48731
48733
48769
48774
48777
48800
48812
48814
48825
48826
48838
48847
48850
48856
48865
48872
48905
48921
48939
48950
48966
48971
48983
48985
49023
49025
49032
49038
49040
49048
49061
49062
49079
49094
49100
49107
49132
49140
49141
49152
49190
49202
49203
49236
49241
49253
49270
49273
49291
49316
49334
49343
49348
49352
49360
49367
49375
49393
49402
49424
49427
49428
49445
49455
49460
49470
49476
49481
49490
49503
49508
49520
49527
49536
49558
49568
49581
49604
49611
49631
49632
49636
49649
49652
49655
49658
49668
49671
49672
49682
49684
49686
49687
49689
49705
49708
49726
49728
49759
49760
49783
49784
49785
49788
49794
49797
49820
49825
49842
49845
49863
49885
49890
49892
49895
49905
49922
49928
49935
49950
49957
49991
49992
49995
50006
50010
50017
50019
50060
50071
50091
50111
50138
50142
50155
50166
50173
50187
50202
50223
50250
50252
50263
50279
50296
50301
50316
50320
50321
50322
50332
50341
50352
50366
50383
50395
50398
50399
50406
50409
50420
50422
50430
50451
50456
50460
50484
50497
50507
50533
50540
50549
50569
50570
50573
50574
50592
50601
50602
50615
50624
50633
50641
50649
50650
50662
50675
50677
50690
50718
50734
50739
50759
50764
50766
50768
50778
50779
50782
50786
50800
50831
50848
50853
50881
50887
50895
50904
50919
50926
50939
50954
50959
50983
50985
51027
51039
51040
51050
51072
51079
51086
51097
51107
51124
51130
51137
51144
51157
51176
51177
51227
51231
51234
51251
51254
51258
51278
51283
51296
51298
51339
51342
51345
51349
51362
51364
51366
51367
51371
51380
51385
51392
51405
51416
51425
51433
51444
51461
51473
51492
51494
51495
51498
51503
51511
51524
51551
51553
51559
51562
51572
51605
51610
51626
51639
51646
51659
51674
51679
51692
51718
51727
51731
51736
51740
51744
51762
51764
51775
51792
51793
51794
51795
51800
51821
51822
51844
51852
51854
51855
51874
51875
51886
51887
51928
51950
51955
51963
51972
51973
51989
51990
51994
52003
52019
52026
52040
52043
52057
52065
52086
52106
52108
52121
52122
52131
52170
52172
52190
52192
52195
52210
52213
52231
52255
52257
52264
52266
52284
52295
52310
52314
52326
52332
52347
52353
52364
52388
52399
52419
52439
52452
52458
52459
52474
52491
52507
52509
52527
52529
52540
52559
52561
52608
52610
52650
52665
52683
52686
52706
52717
52737
52739
52767
52769
52776
52778
52792
52798
52826
52857
52870
52875
52895
52896
52902
52914
52947
52962
52970
52981
52999
53000
53015
53024
53046
53050
53053
53054
53063
53067
53069
53086
53096
53100
53114
53120
53122
53152
53172
53193
53200
53201
53229
53244
53268
53272
53275
53292
53296
53306
53309
53316
53329
53352
53356
53408
53410
53413
53414
53428
53433
53443
53461
53466
53470
53479
53497
53507
53529
53538
53552
53567
53568
53572
53590
53598
53617
53620
53626
53634
53638
53641
53642
53647
53675
53690
53695
53696
53715
53718
53732
53741
53751
53759
53769
53794
53795
53796
53797
53802
53812
53822
53826
53829
53844
53859
53907
53920
53922
53927
53942
53946
53947
53968
53971
53973
53978
53992
54000
54002
54015
54024
54044
54045
54051
54053
54063
54091
54092
54111
54122
54131
54142
54151
54159
54184
54189
54202
54203
54225
54230
54233
54241
54246
54260
54281
54282
54283
54289
54302
54331
54361
54366
54381
54400
54401
54429
54442
54446
54461
54465
54470
54483
54491
54500
54507
54510
54525
54528
54562
54566
54577
54581
54589
54598
54604
54619
54639
54640
54659
54670
54671
54673
54723
54744
54750
54774
54776
54779
54781
54811
54828
54839
54862
54868
54880
54883
54902
54904
54913
54914
54928
54932
54934
54938
54949
54970
54975
54988
55010
55042
55055
55058
55060
55075
55076
55099
55108
55148
55161
55164
55184
55204
55208
55212
55223
55225
55229
55233
55248
55260
55261
55287
55298
55305
55322
55325
55342
55349
55356
55376
55388
55389
55394
55396
55403
55414
55428
55434
55442
55450
55453
55455
55459
55460
55463
55489
55498
55506
55513
55531
55554
55572
55591
55602
55639
55643
55661
55667
55672
55685
55708
55712
55718
55722
55728
55729
55734
55739
55748
55755
55775
55794
55795
55800
55804
55818
55823
55838
55839
55865
55871
55875
55878
55886
55894
55902
55903
55905
55908
55909
55910
55953
55958
55965
55980
56002
56013
56014
56024
56032
56033
56036
56038
56045
56054
56061
56063
56108
56113
56116
56119
56127
56128
56155
56185
56200
56202
56203
56206
56214
56224
56229
56246
56249
56262
56269
56277
56306
56309
56310
56314
56327
56339
56344
56360
56363
56366
56368
56370
56371
56407
56433
56461
56468
56476
56479
56499
56517
56529
56547
56554
56566
56571
56586
56587
56589
56630
56658
56661
56663
56666
56669
56695
56711
56712
56720
56725
56732
56745
56748
56765
56782
56786
56789
56804
56812
56813
56838
56843
56852
56860
56890
56898
56928
56935
56938
56939
56947
56962
56967
56979
56982
56990
56999
57013
57025
57028
57055
57081
57088
57106
57124
57128
57132
57136
57156
57165
57167
57168
57180
57182
57211
57231
57232
57234
57240
57242
57248
57251
57256
57269
57271
57293
57302
57311
57320
57327
57330
57345
57369
57383
57403
57461
57462
57470
57480
57489
57497
57510
57511
57528
57553
57566
57593
57610
57639
57662
57671
57710
57743
57768
57787
57789
57793
57805
57812
57814
57818
57821
57824
57837
57848
57852
57853
57900
57902
57926
57942
57944
57947
57951
57982
57987
58005
58025
58039
58040
58085
58117
58119
58130
58134
58141
58142
58145
58154
58165
58175
58190
58193
58217
58248
58255
58261
58262
58270
58280
58290
58312
58318
58321
58330
58357
58359
58365
58375
58381
58391
58403
58414
58419
58428
58439
58456
58460
58471
58477
58505
58515
58535
58537
58540
58547
58569
58604
58622
58632
58633
58646
58653
58655
58663
58688
58706
58713
58723
58731
58739
58740
58753
58756
58757
58790
58799
58802
58803
58808
58814
58824
58834
58845
58846
58862
58870
58871
58872
58877
58894
58908
58930
58939
58948
58957
58970
58976
58989
59002
59005
59022
59064
59089
59091
59096
59133
59134
59136
59160
59170
59180
59190
59193
59196
59201
59212
59216
59234
59269
59278
59291
59301
59305
59311
59329
59330
59338
59346
59349
59351
59358
59368
59377
59384
59400
59406
59411
59426
59430
59446
59459
59473
59482
59492
59502
59507
59525
59538
59546
59553
59563
59574
59576
59584
59590
59600
59609
59618
59635
59654
59662
59669
59670
59676
59683
59701
59726
59731
59747
59790
59800
59810
59822
59823
59846
59850
59867
59880
59889
59906
59923
59945
59947
59956
59960
59968
59993
59997
