3
6
8
14
23
24
40
59
67
70
72
77
78
99
102
104
105
112
113
124
128
134
152
174
177
184
200
201
205
208
211
224
231
248
251
269
270
276
290
309
310
315
345
351
355
357
358
366
382
394
397
398
406
408
416
443
447
450
454
455
466
470
475
484
491
492
507
508
510
533
535
538
552
553
556
572
573
587
593
604
609
618
637
638
648
671
676
678
691
698
710
711
738
747
765
779
780
783
809
821
833
835
838
870
871
891
905
919
920
941
951
959
961
978
982
993
1002
1003
1012
1017
1031
1044
1051
1052
1060
1065
1069
1080
1081
1084
1085
1095
1115
1118
1123
1131
1132
1148
1155
1174
1181
1192
1197
1200
1211
1230
1238
1242
1243
1252
1259
1277
1287
1293
1321
1331
1354
1365
1369
1375
1394
1405
1425
1445
1450
1452
1458
1463
1472
1483
1496
1497
1521
1527
1528
1535
1544
1548
1579
1597
1601
1607
1627
1640
1647
1654
1658
1665
1676
1680
1681
1696
1697
1699
1700
1703
1710
1716
1717
1734
1786
1787
1807
1815
1816
1822
1831
1838
1839
1859
1860
1879
1909
1910
1915
1936
1942
1945
1977
1989
2008
2012
2015
2039
2040
2045
2047
2083
2086
2094
2103
2110
2122
2123
2134
2136
2151
2154
2159
2162
2166
2177
2188
2197
2198
2202
2225
2227
2255
2260
2301
2306
2307
2316
2318
2326
2335
2336
2355
2356
2362
2366
2374
2375
2393
2410
2415
2419
2426
2429
2432
2437
2446
2448
2462
2495
2497
2505
2530
2547
2552
2563
2572
2583
2594
2599
2604
2616
2619
2623
2630
2645
2654
2663
2667
2688
2692
2695
2708
2716
2717
2719
2725
2730
2731
2747
2762
2767
2776
2784
2791
2794
2807
2811
2823
2830
2831
2843
2853
2858
2870
2872
2876
2878
2889
2894
2906
2907
2918
2920
2932
2937
2938
2957
2970
2977
2988
2994
2998
3004
3019
3041
3045
3068
3070
3080
3103
3111
3113
3120
3122
3130
3132
3145
3149
3155
3177
3197
3212
3226
3230
3234
3237
3272
3295
3306
3321
3331
3344
3345
3373
3375
3379
3380
3393
3394
3406
3411
3412
3418
3427
3430
3431
3440
3456
3464
3468
3473
3478
3487
3488
3509
3532
3540
3545
3546
3549
3551
3560
3561
3567
3587
3592
3593
3602
3604
3605
3628
3644
3675
3703
3714
3723
3725
3729
3733
3755
3758
3763
3771
3797
3800
3802
3811
3822
3831
3850
3851
3878
3885
3889
3897
3898
3900
3901
3926
3954
3955
3956
3962
3963
3966
3971
3996
4003
4010
4012
4013
4014
4029
4049
4064
4066
4069
4070
4089
4105
4109
4120
4128
4129
4137
4140
4149
4152
4160
4162
4163
4166
4186
4190
4193
4202
4225
4237
4248
4267
4286
4291
4294
4300
4311
4319
4333
4351
4387
4390
4405
4407
4412
4420
4435
4441
4445
4467
4470
4484
4486
4487
4492
4502
4504
4507
4524
4534
4553
4554
4557
4561
4566
4569
4577
4585
4602
4623
4639
4644
4654
4657
4676
4685
4696
4708
4710
4715
4731
4750
4751
4763
4764
4766
4772
4775
4790
4807
4810
4813
4815
4821
4861
4865
4872
4884
4900
4903
4913
4920
4924
4933
4942
4944
4950
4953
4958
4960
4970
4971
4972
4976
4978
4979
4993
4998
5004
5006
5012
5020
5023
5051
5054
5058
5073
5075
5090
5107
5114
5123
5128
5132
5149
5168
5169
5174
5176
5189
5204
5221
5225
5234
5235
5237
5239
5245
5256
5262
5271
5301
5304
5305
5336
5351
5355
5375
5395
5425
5428
5429
5439
5443
5477
5479
5483
5484
5494
5500
5507
5516
5520
5527
5530
5543
5552
5570
5571
5582
5601
5610
5630
5635
5643
5644
5648
5655
5667
5675
5681
5691
5708
5713
5714
5731
5732
5749
5756
5760
5779
5785
5789
5814
5824
5833
5834
5840
5842
5850
5859
5862
5864
5876
5882
5903
5915
5930
5933
5950
5955
5957
5963
5966
5983
5994
6002
6003
6020
6021
6043
6052
6062
6070
6075
6082
6083
6104
6108
6110
6116
6122
6135
6142
6165
6181
6183
6186
6192
6197
6206
6208
6209
6226
6229
6232
6244
6247
6254
6262
6277
6303
6311
6318
6328
6356
6365
6366
6371
6372
6380
6384
6395
6408
6411
6413
6419
6423
6436
6443
6458
6463
6488
6499
6511
6521
6530
6531
6537
6554
6558
6565
6568
6570
6575
6586
6609
6613
6617
6640
6647
6654
6665
6678
6682
6683
6698
6701
6702
6709
6718
6736
6745
6747
6748
6775
6783
6785
6793
6822
6834
6851
6859
6864
6870
6877
6880
6885
6900
6913
6925
6926
6931
6946
6951
6977
6985
6989
6998
7007
7020
7022
7027
7039
7040
7057
7060
7074
7075
7078
7084
7089
7105
7116
7119
7131
7138
7149
7160
7169
7175
7176
7185
7188
7205
7221
7222
7234
7237
7240
7253
7275
7303
7315
7317
7324
7330
7345
7349
7363
7393
7402
7404
7406
7410
7411
7421
7424
7429
7435
7440
7454
7469
7472
7491
7495
7496
7524
7532
7533
7536
7542
7553
7558
7561
7563
7572
7574
7588
7599
7603
7609
7622
7630
7631
7632
7650
7651
7656
7658
7668
7671
7689
7693
7696
7716
7720
7729
7746
7747
7748
7752
7761
7764
7788
7789
7806
7819
7821
7828
7831
7834
7837
7838
7850
7857
7860
7876
7877
7896
7898
7910
7912
7921
7938
7941
7951
7971
7973
7993
7996
8032
8040
8051
8053
8063
8070
8080
8083
8087
8092
8095
8106
8112
8124
8131
8156
8160
8161
8162
8166
8176
8177
8180
8185
8189
8194
8203
8218
8219
8222
8255
8258
8275
8291
8296
8319
8330
8331
8332
8348
8351
8373
8379
8382
8383
8388
8394
8402
8418
8422
8423
8430
8445
8451
8452
8456
8464
8471
8486
8491
8506
8512
8513
8529
8530
8538
8542
8543
8550
8574
8575
8578
8588
8589
8595
8602
8610
8615
8625
8633
8648
8652
8660
8664
8678
8679
8689
8704
8705
8725
8738
8760
8772
8778
8781
8806
8811
8815
8823
8836
8839
8873
8891
8895
8903
8904
8916
8919
8934
8937
8963
8970
8984
8985
8987
8989
8992
9011
9012
9013
9017
9039
9043
9045
9069
9072
9085
9103
9106
9110
9121
9130
9133
9136
9161
9173
9175
9181
9199
9221
9227
9240
9251
9256
9260
9264
9277
9288
9292
9298
9299
9312
9315
9331
9332
9350
9354
9365
9378
9393
9399
9404
9415
9423
9430
9453
9457
9474
9480
9487
9492
9507
9525
9540
9550
9562
9563
9570
9579
9584
9590
9599
9609
9615
9616
9618
9622
9628
9643
9653
9674
9678
9693
9697
9705
9734
9735
9755
9775
9796
9803
9804
9815
9837
9842
9856
9875
9884
9895
9902
9903
9906
9907
9910
9930
9942
9960
9973
9975
9981
9987
10006
10007
10020
10027
10040
10048
10058
10067
10068
10085
10098
10110
10118
10123
10129
10134
10136
10139
10145
10152
10156
10157
10169
10180
10205
10220
10223
10239
10248
10257
10266
10267
10268
10285
10290
10293
10301
10318
10325
10342
10345
10346
10362
10364
10365
10376
10378
10399
10404
10409
10413
10416
10420
10448
10455
10458
10468
10500
10508
10519
10537
10541
10545
10555
10556
10562
10565
10568
10580
10581
10601
10602
10615
10624
10627
10638
10659
10662
10667
10669
10675
10684
10686
10692
10712
10713
10719
10741
10783
10803
10823
10834
10838
10842
10852
10863
10868
10878
10885
10886
10892
10897
10907
10915
10922
10926
10933
10947
10971
10982
10983
10985
11004
11043
11047
11050
11051
11057
11058
11061
11069
11079
11082
11093
11107
11112
11134
11135
11143
11152
11156
11157
11178
11200
11205
11214
11228
11229
11236
11248
11249
11262
11268
11272
11275
11278
11279
11287
11291
11292
11297
11308
11312
11317
11326
11337
11342
11352
11358
11360
11362
11371
11387
11395
11404
11405
11412
11418
11432
11433
11439
11440
11445
11502
11504
11508
11509
11518
11522
11533
11537
11543
11558
11561
11579
11604
11606
11607
11608
11622
11630
11634
11637
11663
11666
11671
11676
11677
11679
11702
11715
11728
11735
11743
11760
11765
11793
11809
11835
11855
11857
11867
11868
11883
11895
11901
11917
11939
11943
11954
11968
11975
11982
11995
12013
12030
12038
12040
12041
12042
12049
12056
12060
12071
12072
12078
12106
12113
12128
12132
12133
12136
12141
12145
12154
12158
12166
12178
12207
12209
12212
12215
12221
12226
12230
12236
12241
12261
12310
12314
12318
12323
12336
12356
12362
12365
12367
12371
12375
12382
12383
12388
12394
12399
12407
12412
12415
12434
12436
12441
12459
12479
12486
12499
12508
12510
12512
12521
12532
12539
12556
12578
12590
12591
12632
12634
12642
12643
12647
12657
12664
12671
12680
12681
12693
12704
12705
12706
12722
12725
12734
12743
12746
12771
12791
12793
12798
12805
12807
12809
12811
12824
12842
12845
12847
12878
12883
12885
12909
12918
12929
12930
12932
12949
12952
12971
12987
13001
13003
13006
13007
13025
13080
13090
13102
13106
13107
13112
13113
13129
13137
13140
13154
13157
13160
13168
13177
13201
13213
13227
13254
13259
13260
13266
13272
13273
13283
13296
13297
13307
13315
13334
13338
13369
13372
13379
13390
13392
13398
13399
13413
13433
13449
13453
13470
13474
13475
13487
13501
13504
13510
13514
13537
13542
13556
13558
13569
13574
13581
13584
13590
13604
13610
13611
13617
13625
13630
13631
13636
13643
13648
13649
13657
13674
13689
13697
13700
13701
13711
13721
13725
13733
13748
13782
13785
13788
13790
13825
13835
13840
13855
13875
13882
13884
13892
13903
13923
13947
13950
13956
13961
13967
13973
13974
13985
13992
14000
14001
14016
14021
14038
14041
14056
14060
14061
14070
14079
14098
14119
14123
14126
14133
14149
14154
14169
14181
14196
14212
14221
14224
14227
14228
14234
14252
14268
14271
14293
14298
14309
14310
14312
14314
14321
14327
14345
14346
14353
14354
14359
14366
14371
14375
14408
14414
14417
14427
14462
14463
14464
14466
14498
14503
14509
14516
14521
14541
14560
14561
14571
14575
14584
14585
14595
14606
14612
14615
14631
14651
14656
14682
14685
14698
14701
14724
14725
14734
14753
14756
14758
14759
14767
14794
14812
14821
14834
14846
14849
14853
14858
14859
14860
14870
14874
14879
14892
14899
14900
14906
14924
14929
14936
14942
14945
14948
14953
14958
14964
14967
14980
14986
14992
14995
14998
15001
15002
15009
15020
15026
15034
15044
15048
15068
15073
15082
15095
15099
15105
15121
15135
15138
15148
15152
15154
15157
15164
15175
15182
15224
15231
15240
15241
15252
15255
15264
15265
15266
15271
15277
15290
15293
15300
15308
15316
15345
15353
15356
15361
15380
15385
15389
15392
15396
15397
15423
15427
15428
15435
15438
15439
15451
15473
15493
15507
15523
15536
15539
15548
15550
15555
15557
15561
15574
15575
15578
15608
15612
15632
15633
15649
15669
15677
15684
15696
15697
15710
15713
15716
15722
15730
15758
15763
15776
15786
15789
15790
15803
15805
15809
15813
15835
15838
15851
15865
15878
15885
15888
15898
15903
15920
15921
15929
15933
15940
15959
15962
15964
15967
15974
15977
15989
15999
16012
16014
16021
16050
16061
16062
16076
16080
16086
16087
16107
16110
16121
16130
16148
16153
16159
16181
16203
16204
16211
16218
16222
16224
16228
16233
16234
16236
16241
16254
16259
16262
16265
16267
16278
16287
16292
16300
16307
16308
16325
16334
16345
16348
16362
16367
16368
16371
16376
16381
16385
16392
16418
16441
16447
16455
16458
16468
16475
16483
16495
16508
16509
16525
16536
16545
16546
16562
16565
16591
16608
16610
16614
16636
16643
16651
16656
16660
16665
16670
16674
16686
16691
16694
16699
16713
16714
16718
16720
16722
16735
16742
16757
16759
16779
16789
16805
16835
16838
16855
16869
16872
16876
16885
16887
16904
16906
16907
16914
16923
16930
16932
16938
16943
16944
16946
16950
16960
16971
16983
16988
16991
17005
17012
17022
17028
17029
17030
17032
17035
17042
17043
17058
17072
17090
17101
17125
17129
17130
17135
17151
17171
17180
17184
17191
17209
17213
17225
17232
17240
17243
17254
17259
17260
17262
17279
17286
17305
17331
17337
17351
17367
17378
17394
17402
17413
17418
17422
17423
17425
17429
17430
17433
17438
17457
17459
17465
17472
17473
17477
17487
17488
17505
17538
17540
17541
17554
17560
17586
17587
17599
17605
17607
17618
17627
17637
17638
17639
17650
17661
17662
17664
17669
17685
17695
17704
17706
17711
17727
17748
17750
17759
17771
17775
17782
17802
17806
17812
17815
17834
17839
17845
17846
17847
17854
17856
17872
17875
17883
17885
17888
17900
17907
17925
17928
17938
17942
17943
17960
17964
17965
17984
17986
18013
18016
18019
18035
18050
18053
18070
18072
18074
18075
18095
18115
18116
18148
18163
18165
18174
18176
18179
18182
18188
18196
18207
18226
18229
18235
18256
18258
18259
18261
18266
18270
18282
18286
18293
18304
18314
18316
18321
18339
18352
18359
18360
18372
18384
18389
18393
18400
18407
18409
18411
18421
18442
18444
18451
18452
18468
18474
18482
18488
18492
18493
18497
18516
18524
18540
18541
18545
18546
18565
18568
18583
18640
18647
18649
18656
18659
18663
18664
18683
18692
18695
18705
18707
18741
18758
18760
18761
18768
18781
18790
18792
18800
18801
18806
18830
18833
18852
18853
18863
18870
18880
18886
18899
18906
18912
18918
18940
18942
18953
18958
18963
18980
18983
18987
18993
19010
19011
19018
19029
19036
19051
19058
19068
19070
19071
19090
19091
19093
19094
19096
19099
19100
19102
19122
19136
19139
19145
19150
19158
19167
19168
19176
19188
19211
19227
19243
19265
19273
19278
19282
19289
19297
19304
19305
19323
19339
19346
19355
19381
19388
19394
19400
19410
19411
19420
19421
19440
19441
19446
19452
19461
19482
19486
19507
19510
19516
19517
19526
19528
19544
19552
19555
19598
19613
19614
19622
19623
19626
19630
19639
19640
19643
19651
19652
19671
19674
19691
19724
19731
19735
19742
19749
19751
19753
19765
19768
19776
19782
19804
19816
19830
19837
19841
19850
19880
19884
19894
19897
19898
19901
19917
19918
19937
19940
19955
19966
19968
19991
19997
20018
20027
20036
20041
20045
20046
20047
20052
20058
20064
20066
20070
20083
20094
20108
20131
20132
20135
20143
20146
20163
20177
20178
20194
20195
20212
20231
20232
20237
20263
20274
20275
20279
20281
20298
20302
20319
20322
20327
20332
20340
20348
20361
20365
20373
20384
20393
20394
20409
20427
20438
20443
20456
20459
20461
20465
20474
20475
20506
20536
20556
20563
20589
20593
20604
20611
20627
20643
20654
20659
20672
20674
20678
20686
20691
20699
20706
20746
20749
20755
20760
20772
20787
20798
20802
20803
20810
20817
20824
20828
20829
20838
20845
20848
20852
20865
20870
20875
20884
20887
20888
20898
20899
20912
20913
20951
20961
20963
20974
20987
20988
20990
21002
21010
21019
21031
21051
21052
21054
21060
21068
21070
21071
21088
21090
21094
21101
21109
21127
21143
21166
21168
21171
21173
21178
21196
21200
21201
21202
21220
21230
21247
21248
21253
21272
21281
21288
21292
21301
21321
21334
21342
21357
21362
21364
21376
21379
21391
21394
21398
21401
21402
21409
21424
21427
21446
21460
21465
21474
21476
21477
21479
21492
21498
21535
21552
21554
21555
21568
21574
21575
21594
21601
21618
21634
21680
21682
21687
21697
21698
21699
21702
21709
21715
21716
21737
21740
21741
21744
21751
21765
21767
21771
21791
21794
21811
21818
21829
21839
21847
21878
21884
21889
21899
21905
21908
21921
21923
21928
21942
21944
21958
21964
21972
21978
21979
21984
21990
21991
22004
22025
22045
22065
22066
22087
22093
22095
22106
22120
22135
22137
22153
22158
22164
22168
22170
22173
22179
22192
22207
22214
22222
22227
22247
22248
22267
22303
22325
22328
22330
22343
22345
22347
22349
22370
22398
22410
22412
22419
22427
22452
22455
22462
22464
22466
22475
22476
22478
22489
22490
22502
22512
22533
22538
22545
22555
22560
22582
22586
22621
22627
22628
22632
22639
22642
22644
22656
22659
22671
22689
22700
22705
22727
22735
22748
22776
22785
22788
22794
22798
22812
22815
22828
22831
22833
22844
22847
22848
22850
22859
22868
22879
22888
22892
22896
22899
22914
22916
22926
22928
22931
22937
22952
22956
22972
23003
23012
23030
23034
23036
23037
23045
23056
23059
23097
23115
23118
23132
23133
23134
23142
23160
23167
23176
23181
23182
23203
23204
23213
23214
23219
23238
23240
23245
23254
23255
23280
23290
23291
23295
23302
23303
23308
23318
23333
23340
23342
23348
23353
23369
23382
23390
23396
23399
23404
23413
23417
23444
23462
23470
23473
23477
23492
23493
23498
23501
23505
23511
23523
23530
23532
23543
23554
23559
23576
23585
23604
23612
23614
23647
23656
23660
23665
23693
23703
23727
23740
23749
23751
23755
23756
23762
23775
23788
23795
23818
23822
23835
23841
23844
23852
23854
23857
23862
23872
23885
23886
23889
23892
23908
23910
23911
23921
23931
23953
23954
23960
23970
23973
23984
23993
24013
24020
24038
24070
24080
24083
24086
24090
24102
24115
24122
24126
24133
24135
24136
24139
24143
24163
24168
24175
24183
24208
24209
24216
24222
24227
24247
24267
24279
24288
24289
24293
24306
24322
24328
24329
24339
24341
24352
24355
24357
24366
24368
24376
24397
24405
24424
24431
24436
24447
24461
24465
24466
24470
24483
24487
24509
24535
24536
24555
24563
24564
24567
24580
24606
24617
24619
24624
24625
24626
24628
24631
24634
24647
24663
24678
24688
24707
24710
24711
24714
24721
24729
24737
24738
24762
24771
24782
24793
24800
24808
24811
24814
24824
24834
24838
24839
24848
24863
24879
24888
24895
24900
24904
24915
24918
24923
24924
24930
24932
24933
24958
24966
24970
24973
24974
24996
25003
25027
25036
25042
25045
25049
25052
25054
25057
25061
25064
25067
25087
25103
25112
25118
25124
25129
25151
25153
25163
25189
25196
25202
25227
25230
25235
25244
25253
25264
25268
25269
25274
25287
25302
25307
25310
25322
25324
25327
25336
25352
25354
25364
25394
25397
25414
25416
25421
25428
25434
25436
25441
25443
25447
25448
25450
25451
25473
25474
25485
25496
25504
25513
25524
25531
25537
25540
25549
25569
25595
25596
25600
25606
25628
25651
25666
25687
25696
25697
25702
25703
25704
25719
25724
25734
25744
25745
25749
25751
25758
25764
25767
25774
25779
25781
25785
25786
25794
25800
25805
25812
25822
25825
25842
25847
25853
25857
25858
25864
25876
25885
25898
25899
25910
25918
25934
25937
25940
25945
25948
25961
25970
25981
25983
25989
26002
26009
26029
26059
26070
26072
26087
26089
26096
26099
26104
26118
26125
26133
26142
26144
26152
26167
26174
26175
26182
26188
26190
26202
26205
26225
26238
26243
26250
26263
26268
26279
26295
26310
26317
26335
26350
26376
26388
26390
26401
26406
26409
26420
26421
26429
26444
26445
26459
26473
26476
26479
26485
26487
26492
26495
26502
26514
26531
26535
26537
26539
26556
26559
26578
26581
26587
26598
26604
26610
26617
26647
26667
26687
26696
26698
26717
26726
26745
26746
26747
26757
26772
26774
26780
26789
26802
26812
26827
26835
26867
26887
26892
26905
26910
26914
26924
26925
26939
26944
26951
26959
26960
26961
26968
26984
26986
26991
26993
27003
27011
27012
27013
27018
27020
27025
27028
27034
27063
27064
27068
27071
27091
27104
27111
27123
27124
27136
27142
27159
27182
27187
27201
27202
27205
27207
27242
27245
27250
27256
27262
27270
27276
27284
27297
27300
27301
27309
27329
27330
27336
27345
27354
27388
27396
27409
27410
27439
27454
27455
27457
27461
27465
27474
27489
27501
27506
27509
27528
27531
27549
27558
27564
27569
27572
27578
27582
27585
27590
27604
27619
27629
27630
27634
27639
27657
27662
27665
27677
27681
27684
27693
27707
27737
27744
27746
27751
27759
27772
27785
27789
27790
27792
27793
27816
27821
27831
27836
27855
27871
27875
27879
27885
27886
27895
27896
27913
27920
27924
27933
27961
27967
27969
27978
28000
28015
28017
28018
28019
28035
28038
28056
28063
28069
28090
28094
28098
28099
28100
28110
28130
28133
28134
28153
28166
28167
28184
28187
28191
28196
28208
28223
28232
28235
28238
28244
28245
28246
28250
28291
28292
28300
28318
28322
28331
28334
28349
28350
28355
28361
28367
28378
28387
28394
28405
28411
28420
28439
28479
28482
28484
28488
28513
28516
28521
28522
28524
28531
28545
28557
28568
28569
28583
28586
28609
28622
28629
28646
28649
28650
28656
28660
28673
28681
28695
28718
28724
28736
28738
28743
28769
28792
28793
28794
28804
28815
28819
28822
28827
28828
28831
28834
28836
28837
28857
28862
28877
28878
28893
28894
28901
28906
28909
28922
28925
28961
28964
28969
28970
28979
28981
29030
29033
29040
29041
29057
29062
29068
29069
29080
29083
29086
29087
29088
29098
29114
29125
29133
29143
29173
29214
29215
29222
29227
29233
29239
29242
29245
29260
29265
29274
29278
29284
29285
29288
29315
29320
29323
29337
29347
29375
29377
29396
29403
29407
29416
29428
29430
29434
29447
29448
29451
29479
29480
29499
29514
29517
29518
29522
29532
29544
29551
29556
29567
29575
29586
29587
29598
29603
29609
29615
29628
29651
29658
29666
29668
29669
29673
29679
29697
29715
29740
29746
29773
29807
29810
29811
29812
29825
29828
29840
29849
29883
29897
29901
29902
29909
29927
29939
29949
29952
29957
29961
29968
29974
29976
29986
29999
30007
30031
30035
30043
30047
30053
30068
30073
30089
30100
30104
30117
30126
30129
30137
30140
30143
30145
30146
30148
30158
30171
30176
30179
30189
30194
30200
30209
30210
30214
30218
30225
30238
30244
30261
30270
30274
30281
30292
30299
30301
30303
30305
30335
30337
30364
30366
30368
30372
30381
30389
30404
30408
30427
30430
30436
30441
30457
30471
30475
30486
30493
30508
30509
30512
30524
30535
30550
30556
30564
30567
30587
30592
30606
30607
30612
30614
30616
30628
30639
30649
30667
30684
30695
30711
30721
30731
30737
30742
30749
30757
30789
30809
30829
30847
30848
30852
30854
30866
30869
30894
30898
30901
30906
30909
30920
30938
30940
30958
30963
30966
30969
30978
30996
31001
31012
31017
31019
31033
31038
31045
31048
31058
31061
31081
31084
31093
31113
31122
31129
31134
31144
31166
31169
31174
31179
31181
31198
31209
31237
31238
31245
31250
31264
31265
31278
31279
31280
31282
31286
31296
31307
31318
31323
31332
31348
31357
31365
31366
31370
31375
31377
31384
31386
31406
31420
31421
31427
31432
31447
31465
31478
31487
31494
31498
31511
31526
31529
31534
31537
31556
31570
31578
31592
31597
31633
31640
31642
31647
31663
31679
31685
31689
31701
31718
31727
31729
31739
31751
31755
31762
31764
31766
31771
31780
31784
31787
31815
31829
31839
31843
31846
31848
31853
31862
31864
31869
31870
31871
31887
31894
31901
31908
31911
31916
31920
31930
31932
31945
31950
31963
31966
31971
31980
31990
31993
32005
32019
32034
32038
32041
32054
32055
32063
32070
32079
32083
32085
32096
32129
32133
32138
32153
32158
32167
32179
32187
32189
32204
32224
32229
32231
32245
32246
32295
32296
32306
32315
32326
32332
32334
32335
32338
32353
32358
32365
32367
32378
32392
32406
32411
32413
32439
32440
32446
32447
32449
32462
32465
32472
32474
32482
32486
32496
32528
32530
32534
32535
32536
32540
32543
32554
32559
32562
32577
32597
32612
32632
32635
32660
32675
32677
32704
32705
32710
32718
32721
32741
32743
32756
32765
32773
32795
32807
32808
32814
32823
32824
32842
32852
32855
32859
32863
32871
32879
32886
32887
32890
32892
32914
32921
32937
32958
32974
32979
32986
33005
33012
33024
33025
33045
33048
33069
33084
33086
33091
33092
33095
33105
33108
33110
33113
33122
33124
33140
33166
33175
33176
33183
33188
33190
33191
33224
33231
33243
33259
33266
33268
33279
33295
33298
33310
33319
33326
33332
33339
33343
33354
33368
33369
33370
33374
33377
33383
33385
33394
33396
33398
33416
33417
33418
33425
33428
33433
33440
33441
33446
33456
33457
33458
33462
33467
33480
33487
33498
33503
33508
33516
33535
33556
33558
33567
33577
33580
33586
33596
33600
33613
33623
33628
33634
33646
33648
33652
33654
33658
33663
33667
33675
33684
33705
33706
33725
33741
33750
33752
33769
33774
33781
33799
33800
33826
33841
33842
33850
33856
33861
33865
33868
33869
33902
33918
33924
33935
33936
33937
33942
33943
33949
33965
33985
33992
33998
34004
34008
34010
34017
34033
34038
34053
34074
34077
34080
34083
34091
34096
34141
34156
34158
34162
34164
34166
34168
34169
34173
34179
34199
34206
34215
34222
34241
34261
34263
34264
34269
34272
34282
34291
34329
34334
34337
34359
34373
34383
34388
34402
34403
34412
34418
34423
34426
34467
34470
34483
34493
34512
34513
34515
34531
34542
34566
34585
34588
34590
34595
34612
34613
34617
34625
34632
34638
34640
34641
34655
34667
34679
34681
34705
34723
34725
34749
34754
34757
34759
34762
34777
34778
34782
34792
34796
34826
34849
34852
34869
34874
34884
34889
34911
34922
34923
34926
34927
34937
34938
34945
34950
34980
34990
34992
35000
35001
35006
35008
35009
35048
35052
35069
35089
35094
35108
35109
35116
35149
35159
35163
35168
35197
35212
35236
35244
35252
35257
35266
35270
35278
35281
35285
35286
35289
35299
35303
35313
35328
35329
35345
35352
35357
35359
35360
35367
35370
35386
35389
35395
35396
35399
35404
35414
35427
35430
35435
35436
35448
35487
35496
35507
35508
35514
35527
35538
35552
35554
35558
35565
35586
35587
35592
35595
35596
35600
35621
35642
35654
35657
35661
35669
35698
35699
35710
35719
35722
35737
35749
35756
35761
35774
35777
35792
35798
35811
35819
35820
35826
35829
35831
35856
35862
35865
35880
35897
35900
35907
35908
35912
35925
35942
35945
35985
35990
35995
36030
36033
36037
36042
36045
36071
36085
36094
36095
36098
36106
36108
36110
36117
36124
36141
36145
36164
36165
36185
36215
36239
36240
36257
36264
36265
36271
36273
36276
36288
36297
36315
36317
36333
36353
36356
36368
36373
36380
36382
36388
36408
36410
36422
36426
36433
36442
36448
36451
36457
36461
36469
36490
36501
36509
36517
36520
36532
36535
36536
36551
36558
36571
36591
36594
36608
36618
36625
36626
36633
36649
36657
36669
36682
36687
36711
36731
36738
36744
36765
36778
36786
36794
36801
36811
36814
36822
36831
36851
36864
36892
36898
36908
36921
36924
36928
36933
36943
36947
36955
36956
36968
36992
36995
36997
37008
37011
37012
37014
37023
37024
37036
37038
37045
37058
37061
37081
37101
37102
37110
37116
37138
37139
37154
37155
37179
37182
37190
37191
37196
37200
37201
37207
37213
37225
37232
37237
37285
37286
37289
37290
37305
37330
37337
37343
37354
37365
37378
37384
37393
37405
37433
37441
37455
37461
37463
37482
37499
37513
37518
37531
37547
37563
37564
37565
37579
37598
37607
37614
37618
37624
37629
37635
37650
37659
37661
37670
37674
37716
37719
37725
37728
37732
37741
37742
37761
37782
37802
37809
37816
37828
37839
37843
37849
37862
37869
37881
37882
37897
37911
37915
37920
37923
37926
37936
37938
37939
37948
37955
37972
37978
37997
38002
38007
38016
38027
38029
38039
38056
38077
38081
38095
38097
38105
38125
38141
38159
38160
38163
38164
38196
38206
38207
38225
38226
38235
38263
38264
38272
38276
38303
38305
38311
38317
38328
38337
38340
38357
38384
38388
38398
38413
38415
38424
38425
38432
38436
38449
38454
38455
38462
38463
38464
38465
38466
38480
38482
38487
38490
38492
38499
38516
38522
38525
38526
38528
38532
38538
38545
38554
38558
38561
38570
38572
38582
38585
38591
38595
38629
38664
38666
38677
38682
38683
38684
38697
38700
38707
38709
38713
38718
38724
38731
38736
38750
38751
38764
38769
38774
38779
38787
38806
38823
38824
38828
38831
38837
38840
38845
38847
38860
38868
38897
38909
38918
38928
38941
38951
38965
38968
38974
38975
38976
38981
38985
39007
39012
39017
39018
39033
39041
39049
39051
39052
39057
39072
39076
39077
39084
39095
39102
39106
39138
39152
39157
39159
39160
39169
39173
39185
39193
39196
39217
39232
39237
39262
39265
39268
39270
39281
39288
39297
39300
39328
39352
39354
39362
39364
39367
39393
39402
39403
39417
39437
39441
39444
39451
39454
39462
39465
39484
39485
39505
39512
39533
39541
39542
39546
39550
39552
39554
39555
39560
39568
39594
39603
39622
39637
39646
39652
39661
39684
39695
39699
39707
39711
39716
39717
39737
39757
39776
39782
39785
39796
39797
39805
39818
39819
39828
39830
39838
39843
39846
39849
39857
39878
39888
39896
39905
39912
39931
39936
39937
39950
39957
39977
39980
39984
39986
39988
40004
40007
40015
40024
40033
40045
40052
40056
40058
40069
40071
40086
40097
40098
40101
40132
40140
40142
40147
40148
40153
40178
40181
40190
40196
40201
40210
40219
40220
40248
40263
40273
40276
40287
40294
40310
40314
40315
40319
40327
40348
40352
40359
40362
40373
40377
40380
40399
40423
40438
40443
40459
40464
40468
40482
40504
40509
40516
40525
40537
40551
40561
40568
40577
40604
40605
40610
40615
40635
40644
40651
40658
40664
40682
40692
40693
40694
40696
40714
40716
40724
40725
40735
40744
40769
40770
40779
40790
40796
40802
40819
40823
40826
40831
40848
40860
40861
40864
40878
40879
40880
40884
40896
40897
40908
40909
40918
40921
40924
40944
40954
40971
40973
40974
40976
40982
40983
40987
40999
41011
41019
41029
41031
41055
41073
41076
41090
41103
41104
41119
41139
41146
41150
41193
41195
41205
41209
41210
41222
41226
41237
41238
41247
41248
41249
41266
41269
41282
41289
41332
41333
41360
41372
41386
41392
41409
41418
41419
41424
41437
41446
41449
41454
41467
41474
41487
41492
41514
41518
41524
41525
41526
41536
41542
41554
41555
41559
41567
41585
41591
41596
41600
41607
41623
41637
41638
41640
41641
41649
41658
41669
41685
41694
41715
41723
41728
41732
41733
41739
41744
41748
41750
41777
41784
41799
41805
41809
41812
41816
41823
41824
41826
41836
41839
41852
41858
41859
41862
41879
41884
41888
41894
41897
41898
41908
41909
41914
41939
41944
41954
41956
41959
41961
41967
41971
41986
42000
42002
42015
42026
42028
42039
42040
42044
42058
42071
42093
42098
42102
42113
42132
42133
42156
42171
42175
42176
42179
42182
42184
42189
42194
42197
42205
42242
42243
42260
42261
42268
42276
42279
42288
42307
42316
42326
42332
42339
42348
42351
42371
42380
42393
42401
42404
42406
42412
42422
42424
42435
42440
42460
42462
42463
42485
42486
42494
42502
42506
42510
42518
42531
42537
42546
42561
42578
42581
42584
42586
42601
42602
42618
42625
42630
42644
42655
42657
42666
42673
42690
42701
42702
42713
42716
42719
42731
42740
42765
42768
42769
42786
42803
42806
42819
42834
42837
42846
42849
42852
42859
42874
42875
42881
42888
42893
42894
42899
42911
42927
42932
42947
42967
42968
42974
42986
42999
43003
43006
43007
43016
43017
43025
43030
43033
43044
43053
43071
43085
43118
43128
43131
43142
43151
43162
43197
43214
43227
43232
43246
43249
43261
43267
43269
43286
43296
43297
43300
43315
43316
43323
43332
43336
43339
43344
43349
43350
43369
43389
43406
43411
43426
43429
43444
43446
43458
43469
43480
43484
43490
43500
43535
43539
43553
43567
43570
43577
43578
43583
43595
43615
43616
43633
43652
43653
43664
43671
43684
43704
43705
43708
43714
43715
43746
43761
43764
43770
43779
43784
43790
43791
43801
43808
43813
43829
43836
43844
43849
43872
43879
43887
43897
43905
43910
43927
43933
43948
43951
43971
43972
43980
43984
43989
44012
44031
44036
44038
44046
44047
44065
44079
44089
44093
44108
44109
44113
44120
44125
44126
44131
44136
44151
44158
44183
44198
44207
44210
44220
44222
44227
44242
44245
44269
44277
44281
44288
44290
44296
44306
44317
44324
44327
44339
44359
44366
44368
44369
44370
44389
44418
44422
44431
44432
44446
44453
44454
44473
44482
44493
44511
44524
44529
44542
44548
44556
44561
44569
44582
44622
44627
44628
44633
44648
44650
44661
44677
44679
44680
44682
44693
44698
44705
44724
44725
44745
44770
44785
44786
44792
44800
44813
44829
44856
44857
44864
44876
44886
44887
44891
44899
44919
44935
44966
44967
44986
44988
44994
44996
45001
45002
45006
45029
45032
45037
45051
45063
45075
45076
45078
45087
45092
45105
45131
45140
45147
45167
45182
45186
45197
45204
45205
45220
45221
45229
45237
45240
45253
45254
45277
45284
45290
45297
45302
45320
45331
45363
45366
45372
45373
45385
45403
45433
45437
45438
45444
45451
45471
45495
45499
45502
45516
45532
45537
45541
45546
45556
45559
45572
45579
45588
45598
45627
45641
45650
45651
45659
45665
45666
45677
45683
45690
45693
45703
45723
45730
45743
45754
45767
45768
45782
45790
45795
45803
45816
45820
45855
45858
45861
45893
45900
45907
45909
45921
45926
45927
45931
45941
45955
45961
45962
45974
45989
45994
45996
45999
46006
46012
46015
46026
46029
46040
46046
46058
46077
46085
46089
46093
46103
46107
46113
46127
46141
46142
46158
46159
46165
46173
46178
46181
46185
46196
46199
46204
46210
46213
46225
46236
46240
46251
46254
46256
46267
46268
46275
46276
46291
46302
46304
46326
46334
46335
46342
46347
46360
46372
46385
46407
46416
46417
46433
46434
46437
46445
46452
46461
46468
46470
46481
46496
46499
46507
46512
46518
46520
46539
46542
46547
46552
46575
46583
46598
46601
46637
46664
46679
46685
46696
46705
46718
46722
46725
46747
46780
46782
46792
46801
46809
46823
46840
46842
46850
46855
46865
46880
46893
46913
46915
46916
46919
46930
46933
46934
46936
46949
46954
46984
47004
47019
47022
47035
47041
47050
47054
47055
47063
47075
47097
47108
47118
47119
47129
47141
47153
47158
47169
47187
47194
47200
47213
47216
47222
47224
47229
47233
47234
47236
47243
47259
47268
47272
47279
47291
47310
47327
47333
47338
47340
47350
47360
47373
47382
47384
47388
47391
47394
47400
47407
47429
47434
47435
47440
47442
47446
47465
47490
47501
47502
47516
47527
47535
47542
47545
47551
47553
47576
47580
47583
47601
47621
47638
47642
47644
47668
47670
47672
47681
47692
47697
47702
47709
47721
47729
47734
47735
47751
47758
47770
47773
47776
47777
47784
47785
47790
47796
47799
47817
47830
47837
47850
47868
47869
47875
47880
47904
47905
47908
47910
47928
47935
47947
47960
47969
47977
47982
47985
47986
47991
47993
47994
47998
48022
48024
48027
48040
48041
48044
48061
48074
48079
48085
48099
48112
48119
48126
48127
48131
48175
48177
48183
48184
48189
48209
48226
48229
48232
48236
48253
48254
48261
48266
48273
48303
48306
48318
48326
48335
48361
48363
48368
48390
48395
48411
48441
48444
48454
48456
48458
48461
48464
48468
48481
48510
48513
48517
48518
48534
48537
48543
48573
48583
48592
48600
48611
48625
48629
48645
48650
48663
48664
48679
48697
48720
48741
48751
48765
48793
48797
48805
48831
48844
48845
48848
48851
48860
48862
48871
48896
48897
48900
48902
48908
48913
48916
48931
48943
48949
48956
48977
48989
48993
49002
49008
49035
49037
49042
49068
49076
49087
49099
49113
49118
49123
49131
49134
49145
49154
49167
49186
49194
49198
49205
49210
49232
49245
49246
49260
49265
49283
49284
49292
49308
49317
49326
49338
49339
49355
49357
49359
49362
49368
49380
49384
49392
49395
49397
49420
49437
49440
49441
49473
49482
49488
49499
49504
49512
49519
49521
49534
49538
49557
49559
49569
49588
49592
49600
49603
49606
49610
49612
49623
49628
49641
49664
49667
49680
49681
49697
49706
49717
49723
49731
49768
49786
49787
49796
49807
49811
49817
49832
49837
49840
49852
49855
49860
49876
49878
49884
49888
49899
49902
49919
49927
49932
49941
49943
49961
49964
49972
50016
50023
50032
50051
50055
50056
50062
50063
50068
50083
50094
50103
50120
50130
50136
50139
50150
50158
50190
50194
50207
50219
50222
50225
50232
50237
50249
50261
50264
50273
50292
50293
50313
50326
50333
50338
50350
50356
50362
50367
50396
50397
50400
50404
50437
50447
50453
50465
50472
50477
50482
50489
50493
50498
50501
50525
50541
50550
50561
50572
50577
50582
50585
50589
50600
50608
50621
50631
50632
50646
50647
50652
50661
50667
50678
50682
50685
50709
50731
50751
50771
50772
50788
50789
50797
50799
50827
50829
50830
50838
50842
50847
50850
50855
50857
50864
50907
50911
50914
50918
50928
50931
50951
50952
50956
50979
50993
51003
51005
51010
51015
51033
51035
51048
51051
51060
51067
51083
51110
51112
51120
51129
51136
51149
51169
51187
51188
51190
51195
51197
51206
51247
51249
51250
51252
51277
51285
51287
51305
51369
51372
51377
51390
51397
51417
51426
51432
51436
51439
51447
51451
51468
51483
51493
51509
51529
51539
51540
51544
51548
51554
51556
51563
51564
51566
51594
51603
51606
51631
51651
51666
51671
51672
51710
51714
51724
51739
51741
51742
51749
51750
51767
51772
51779
51781
51784
51801
51813
51833
51836
51847
51867
51876
51882
51888
51895
51900
51901
51905
51908
51932
51936
51949
51952
51975
52002
52020
52031
52032
52042
52046
52051
52056
52058
52073
52075
52078
52081
52082
52084
52088
52097
52107
52119
52120
52136
52143
52167
52174
52175
52177
52187
52205
52220
52223
52234
52244
52248
52254
52262
52268
52278
52291
52309
52317
52325
52334
52342
52359
52360
52361
52362
52368
52369
52376
52381
52382
52392
52395
52411
52416
52418
52431
52444
52450
52451
52454
52489
52492
52498
52505
52521
52530
52531
52537
52552
52562
52569
52575
52586
52614
52615
52616
52619
52622
52624
52627
52648
52654
52657
52668
52675
52693
52710
52715
52731
52738
52741
52745
52758
52777
52780
52807
52811
52819
52822
52849
52850
52854
52867
52868
52872
52878
52882
52887
52888
52906
52916
52927
52961
52963
52965
52967
52984
52990
53001
53004
53012
53016
53018
53040
53041
53049
53058
53080
53087
53098
53103
53119
53135
53140
53143
53147
53160
53162
53168
53176
53177
53178
53180
53187
53194
53199
53206
53233
53273
53301
53304
53308
53310
53314
53321
53326
53330
53341
53348
53351
53361
53371
53375
53383
53394
53395
53405
53409
53425
53427
53436
53448
53467
53468
53471
53484
53489
53498
53518
53521
53531
53539
53563
53577
53587
53593
53594
53599
53604
53610
53611
53627
53662
53664
53667
53687
53707
53714
53726
53746
53750
53761
53780
53787
53791
53792
53804
53805
53816
53823
53824
53833
53842
53849
53870
53871
53887
53891
53896
53899
53904
53908
53919
53930
53939
53966
53980
54005
54019
54023
54027
54059
54061
54070
54071
54079
54087
54094
54103
54123
54143
54164
54165
54173
54177
54182
54210
54213
54223
54236
54239
54254
54259
54269
54293
54310
54329
54340
54342
54353
54373
54380
54384
54388
54393
54416
54417
54418
54428
54434
54438
54458
54468
54479
54485
54489
54501
54506
54533
54543
54544
54552
54557
54576
54579
54580
54605
54607
54611
54614
54631
54651
54664
54675
54683
54692
54693
54708
54716
54719
54720
54752
54753
54773
54775
54784
54786
54803
54809
54816
54824
54825
54855
54864
54872
54875
54876
54886
54897
54901
54931
54946
54947
54963
54968
54974
54979
55000
55014
55031
55036
55046
55047
55067
55080
55083
55121
55127
55140
55142
55150
55155
55169
55173
55175
55214
55215
55222
55232
55236
55262
55267
55271
55279
55286
55299
55306
55310
55317
55324
55335
55338
55358
55371
55380
55386
55397
55411
55412
55415
55417
55449
55478
55495
55499
55500
55502
55505
55523
55524
55543
55567
55574
55583
55587
55594
55596
55601
55609
55621
55634
55635
55644
55671
55686
55707
55710
55714
55716
55719
55740
55747
55767
55768
55784
55786
55787
55819
55825
55832
55846
55855
55870
55888
55901
55920
55931
55939
55955
55961
55963
55988
55995
56000
56007
56010
56016
56020
56025
56046
56048
56057
56071
56081
56089
56099
56110
56114
56117
56123
56138
56149
56169
56189
56192
56208
56221
56226
56241
56252
56261
56273
56278
56283
56291
56308
56326
56328
56333
56336
56338
56343
56349
56365
56367
56374
56384
56423
56435
56456
56470
56471
56490
56491
56506
56511
56537
56538
56541
56559
56572
56575
56576
56584
56602
56603
56605
56610
56633
56637
56644
56656
56660
56668
56683
56688
56689
56696
56714
56717
56728
56734
56737
56744
56750
56757
56764
56768
56772
56779
56783
56810
56831
56834
56836
56851
56865
56870
56882
56902
56903
56910
56912
56945
56953
56955
56960
56965
56971
56980
56986
56991
57005
57014
57022
57037
57046
57049
57057
57058
57069
57094
57095
57101
57109
57160
57169
57170
57190
57192
57193
57197
57203
57220
57222
57223
57243
57250
57266
57268
57272
57283
57287
57301
57303
57305
57310
57317
57322
57339
57340
57362
57378
57381
57385
57400
57410
57412
57418
57430
57433
57436
57437
57440
57453
57454
57460
57464
57473
57505
57516
57517
57521
57552
57571
57579
57599
57603
57607
57613
57614
57631
57644
57647
57661
57673
57684
57711
57714
57715
57722
57738
57740
57749
57761
57775
57778
57780
57785
57797
57813
57816
57829
57830
57834
57849
57855
57865
57888
57903
57906
57929
57931
57948
57957
57960
57961
57968
57969
57973
57979
57997
57998
58008
58017
58022
58033
58051
58052
58056
58072
58082
58083
58091
58120
58123
58139
58147
58148
58155
58161
58171
58181
58189
58196
58198
58203
58207
58230
58234
58238
58253
58260
58266
58276
58286
58307
58309
58320
58322
58335
58341
58355
58361
58368
58377
58387
58397
58427
58434
58440
58447
58451
58459
58466
58479
58481
58486
58493
58501
58511
58557
58561
58567
58570
58576
58580
58586
58588
58591
58597
58600
58610
58618
58662
58672
58673
58675
58677
58685
58689
58691
58702
58719
58727
58737
58741
58745
58763
58767
58772
58773
58789
58806
58810
58820
58830
58865
58876
58886
58887
58889
58891
58903
58909
58913
58926
58935
58944
58953
58963
58965
58985
58991
58995
59010
59028
59033
59036
59041
59044
59052
59060
59071
59074
59085
59102
59112
59114
59116
59149
59150
59153
59156
59166
59176
59189
59199
59200
59207
59230
59233
59247
59248
59266
59289
59297
59339
59354
59364
59373
59382
59387
59391
59414
59419
59427
59428
59454
59460
59478
59488
59498
59517
59519
59521
59523
59527
59530
59545
59559
59571
59586
59596
59606
59616
59619
59625
59645
59658
59671
59686
59688
59692
59694
59697
59705
59713
59728
59738
59750
59768
59773
59781
59783
59787
59796
59806
59820
59827
59832
59836
59849
59854
59864
59872
59882
59902
59912
59919
59932
59954
59958
59965
59979
59984
59994
