7
10
12
27
30
44
49
50
74
86
98
107
111
130
135
136
149
157
179
181
198
203
207
215
228
235
242
250
254
255
279
281
291
298
321
327
330
341
356
361
392
405
425
433
452
459
479
486
490
495
500
509
540
546
549
557
561
574
581
613
629
643
645
659
670
675
695
715
731
752
760
767
789
808
811
840
843
856
857
861
867
874
875
878
890
895
909
953
966
975
983
992
998
1007
1021
1035
1055
1068
1077
1097
1108
1119
1121
1130
1144
1145
1150
1151
1158
1178
1185
1201
1218
1226
1233
1234
1241
1244
1260
1290
1295
1312
1315
1317
1320
1336
1341
1348
1351
1357
1378
1409
1428
1429
1432
1436
1449
1469
1470
1474
1476
1486
1529
1533
1551
1559
1566
1581
1583
1588
1594
1599
1603
1611
1631
1634
1644
1651
1661
1668
1675
1677
1689
1698
1718
1722
1737
1756
1778
1791
1799
1805
1809
1829
1836
1843
1862
1863
1870
1872
1883
1908
1921
1924
1935
1938
1941
1959
1971
1981
1994
2011
2021
2023
2029
2042
2074
2076
2087
2088
2092
2098
2107
2114
2127
2128
2130
2132
2146
2149
2174
2179
2180
2183
2200
2203
2207
2228
2230
2232
2233
2241
2252
2263
2275
2286
2315
2339
2350
2359
2379
2408
2423
2430
2456
2463
2468
2469
2481
2489
2503
2506
2524
2529
2531
2535
2536
2541
2564
2567
2568
2580
2587
2603
2627
2632
2652
2660
2661
2669
2671
2675
2705
2707
2720
2726
2734
2735
2740
2751
2760
2771
2774
2786
2788
2796
2803
2816
2818
2820
2834
2871
2883
2886
2895
2905
2915
2917
2926
2931
2941
2960
2961
2964
2981
3005
3013
3033
3034
3047
3048
3051
3057
3075
3108
3124
3150
3159
3171
3174
3178
3181
3192
3201
3215
3220
3233
3258
3264
3291
3314
3318
3319
3320
3323
3332
3336
3347
3358
3383
3386
3397
3400
3402
3404
3415
3422
3424
3435
3452
3460
3462
3466
3471
3472
3491
3521
3523
3542
3550
3552
3571
3576
3591
3596
3606
3609
3614
3626
3651
3655
3656
3670
3674
3683
3684
3687
3699
3707
3713
3735
3740
3754
3756
3793
3803
3810
3812
3815
3824
3835
3844
3855
3893
3920
3923
3938
3941
3949
3969
3995
3997
4001
4011
4022
4033
4053
4068
4073
4094
4101
4121
4136
4138
4154
4156
4179
4191
4196
4199
4223
4233
4234
4235
4236
4238
4246
4250
4256
4257
4262
4263
4271
4276
4281
4295
4328
4335
4339
4342
4352
4359
4369
4373
4400
4403
4418
4429
4449
4461
4471
4490
4491
4506
4508
4510
4511
4512
4543
4552
4570
4579
4581
4583
4584
4595
4615
4628
4632
4638
4658
4674
4681
4694
4719
4735
4736
4740
4742
4755
4762
4783
4792
4795
4808
4823
4836
4850
4864
4866
4868
4878
4881
4883
4891
4898
4917
4937
4956
4957
4966
4988
4996
5001
5011
5031
5036
5041
5067
5080
5086
5088
5092
5097
5102
5127
5139
5143
5148
5152
5153
5160
5173
5184
5186
5190
5193
5207
5238
5252
5270
5277
5284
5315
5323
5328
5332
5337
5354
5358
5359
5370
5379
5388
5392
5396
5399
5408
5412
5432
5433
5434
5442
5455
5458
5467
5471
5491
5493
5497
5510
5511
5531
5542
5547
5562
5567
5573
5578
5588
5605
5611
5616
5621
5637
5640
5642
5649
5660
5679
5683
5687
5702
5710
5717
5728
5736
5738
5748
5753
5770
5787
5788
5793
5798
5799
5812
5820
5831
5838
5852
5858
5870
5871
5875
5911
5919
5922
5923
5926
5941
5942
5958
5967
5970
5974
5980
5987
6007
6016
6032
6033
6040
6048
6057
6059
6069
6071
6081
6089
6098
6106
6118
6123
6148
6170
6175
6182
6185
6213
6216
6230
6233
6251
6269
6282
6286
6291
6293
6297
6298
6299
6309
6317
6340
6342
6347
6350
6362
6398
6405
6410
6415
6416
6420
6427
6428
6430
6440
6447
6450
6467
6489
6497
6500
6516
6522
6539
6543
6545
6559
6561
6576
6584
6585
6592
6594
6595
6601
6612
6632
6651
6658
6662
6667
6687
6706
6710
6711
6719
6739
6750
6754
6762
6766
6784
6809
6825
6826
6827
6844
6855
6856
6858
6863
6892
6894
6898
6904
6906
6912
6920
6939
6945
6959
6966
7030
7031
7043
7046
7058
7065
7067
7080
7097
7106
7123
7132
7134
7147
7150
7156
7162
7189
7192
7209
7214
7225
7250
7261
7263
7283
7288
7293
7295
7322
7332
7336
7339
7367
7383
7387
7396
7397
7412
7415
7422
7433
7455
7463
7483
7497
7501
7507
7521
7556
7569
7582
7584
7590
7600
7613
7618
7625
7626
7634
7635
7655
7660
7666
7672
7675
7678
7692
7698
7701
7721
7745
7762
7765
7766
7767
7771
7778
7784
7794
7800
7803
7832
7841
7861
7862
7878
7881
7915
7935
7966
7976
7980
7982
7987
8012
8013
8014
8017
8018
8039
8048
8052
8054
8055
8065
8075
8077
8094
8099
8115
8120
8122
8135
8163
8164
8169
8184
8188
8192
8195
8200
8227
8228
8230
8236
8241
8246
8254
8259
8264
8279
8295
8338
8350
8360
8381
8395
8405
8406
8425
8427
8447
8450
8455
8475
8494
8498
8505
8524
8528
8537
8541
8544
8551
8554
8557
8568
8597
8605
8606
8635
8643
8663
8672
8684
8693
8700
8708
8709
8710
8716
8729
8756
8762
8765
8771
8773
8786
8790
8794
8795
8800
8808
8816
8818
8821
8824
8830
8865
8879
8880
8882
8884
8888
8893
8907
8923
8936
8941
8946
8948
8957
8958
8967
8976
9004
9006
9037
9053
9059
9065
9074
9078
9080
9089
9107
9140
9141
9146
9153
9168
9180
9182
9183
9184
9192
9226
9230
9253
9255
9268
9272
9278
9279
9289
9293
9294
9300
9302
9303
9319
9324
9335
9355
9363
9380
9386
9400
9401
9403
9411
9412
9413
9418
9420
9424
9427
9443
9466
9482
9491
9511
9516
9520
9529
9553
9561
9592
9602
9610
9612
9617
9620
9621
9623
9624
9636
9637
9638
9639
9648
9663
9664
9670
9679
9680
9685
9696
9706
9730
9739
9759
9766
9778
9779
9786
9797
9812
9829
9848
9851
9864
9868
9871
9879
9904
9913
9915
9916
9932
9953
9959
9974
9977
9991
10000
10011
10031
10034
10042
10052
10074
10091
10093
10097
10099
10116
10125
10137
10141
10144
10155
10161
10206
10210
10214
10238
10260
10278
10282
10314
10322
10328
10329
10330
10349
10360
10369
10389
10390
10393
10402
10405
10415
10423
10424
10430
10450
10453
10454
10466
10470
10483
10493
10511
10518
10520
10527
10569
10585
10605
10606
10608
10635
10644
10647
10666
10668
10674
10676
10677
10678
10696
10728
10730
10734
10743
10745
10756
10757
10760
10762
10765
10775
10779
10787
10796
10807
10826
10827
10830
10847
10865
10872
10876
10880
10882
10887
10896
10900
10902
10921
10953
10966
10984
10993
10994
10998
11002
11010
11011
11012
11021
11031
11034
11037
11039
11042
11053
11075
11083
11097
11104
11111
11114
11138
11155
11169
11171
11197
11201
11216
11219
11221
11232
11233
11234
11244
11259
11284
11285
11296
11301
11321
11341
11377
11392
11441
11454
11467
11476
11480
11481
11489
11511
11513
11520
11524
11535
11539
11544
11545
11554
11556
11565
11570
11583
11618
11619
11645
11651
11665
11693
11705
11708
11710
11714
11719
11747
11752
11755
11756
11777
11781
11788
11797
11804
11813
11837
11863
11874
11910
11921
11929
11949
11951
11958
11960
11978
11979
11999
12012
12017
12022
12024
12035
12044
12063
12080
12086
12089
12094
12100
12108
12109
12117
12124
12148
12151
12152
12153
12183
12186
12189
12211
12214
12218
12222
12225
12228
12244
12245
12246
12260
12265
12274
12300
12303
12307
12312
12326
12329
12330
12333
12334
12338
12344
12345
12346
12349
12350
12355
12377
12392
12416
12430
12437
12446
12451
12463
12483
12490
12498
12503
12506
12527
12536
12544
12545
12546
12583
12592
12593
12602
12617
12625
12645
12656
12661
12667
12677
12698
12700
12702
12709
12720
12729
12747
12750
12761
12775
12780
12783
12812
12814
12826
12828
12836
12838
12874
12877
12879
12881
12882
12895
12901
12913
12920
12924
12933
12942
12953
12967
12968
12981
12983
12990
12995
12998
13026
13045
13093
13099
13105
13109
13110
13114
13124
13127
13134
13141
13142
13144
13146
13161
13181
13190
13193
13202
13208
13212
13218
13221
13222
13225
13228
13239
13242
13250
13285
13288
13293
13294
13298
13317
13325
13332
13352
13353
13376
13383
13388
13403
13417
13438
13442
13445
13448
13478
13488
13496
13516
13519
13524
13531
13543
13560
13567
13568
13576
13577
13579
13601
13607
13615
13628
13629
13647
13656
13658
13660
13670
13673
13675
13676
13703
13704
13706
13707
13713
13736
13740
13745
13750
13773
13778
13787
13824
13827
13831
13836
13839
13859
13879
13894
13906
13909
13929
13931
13935
13937
13957
13965
13969
13980
13983
13993
14002
14025
14026
14028
14030
14045
14065
14080
14087
14099
14107
14115
14135
14166
14177
14184
14200
14205
14210
14223
14236
14255
14261
14262
14266
14275
14283
14286
14297
14303
14320
14333
14350
14352
14361
14367
14383
14388
14394
14401
14410
14420
14431
14447
14450
14454
14456
14467
14476
14488
14514
14527
14529
14533
14535
14548
14552
14558
14566
14567
14577
14588
14619
14624
14635
14636
14655
14674
14686
14691
14692
14704
14736
14738
14761
14765
14786
14789
14792
14803
14810
14823
14825
14851
14855
14856
14863
14864
14878
14880
14883
14903
14916
14935
15003
15007
15008
15010
15014
15022
15031
15045
15052
15053
15075
15076
15077
15080
15090
15097
15101
15109
15125
15139
15163
15174
15176
15181
15186
15201
15210
15216
15226
15227
15233
15245
15246
15250
15251
15261
15281
15292
15297
15322
15332
15335
15336
15339
15342
15346
15350
15372
15375
15377
15379
15388
15409
15412
15437
15443
15453
15472
15474
15477
15482
15486
15496
15497
15511
15519
15533
15534
15535
15540
15544
15547
15572
15587
15606
15630
15639
15647
15651
15656
15667
15681
15701
15717
15743
15747
15760
15762
15764
15769
15773
15774
15785
15793
15815
15816
15842
15847
15848
15850
15857
15869
15872
15889
15907
15930
15936
15937
15938
15945
15947
15968
15980
15986
15990
16003
16013
16019
16029
16071
16074
16075
16078
16091
16096
16111
16125
16134
16156
16171
16177
16190
16191
16193
16208
16220
16229
16239
16243
16249
16260
16291
16296
16311
16329
16336
16344
16366
16370
16372
16375
16386
16407
16411
16414
16427
16435
16453
16462
16489
16491
16492
16502
16503
16504
16510
16512
16529
16530
16549
16556
16564
16569
16584
16587
16620
16626
16645
16649
16657
16663
16676
16678
16689
16693
16708
16715
16732
16743
16748
16755
16763
16764
16774
16783
16793
16811
16825
16831
16849
16861
16867
16873
16892
16900
16911
16922
16924
16927
16940
16945
16954
17000
17010
17026
17037
17038
17040
17041
17062
17063
17077
17082
17085
17088
17100
17103
17104
17105
17116
17127
17131
17139
17146
17148
17154
17155
17175
17189
17192
17207
17208
17227
17242
17253
17255
17257
17258
17271
17274
17280
17288
17292
17295
17301
17308
17318
17320
17324
17328
17330
17333
17341
17352
17354
17355
17371
17386
17389
17403
17404
17409
17421
17435
17442
17460
17467
17470
17471
17491
17496
17509
17521
17526
17553
17569
17574
17575
17580
17582
17588
17593
17621
17624
17629
17632
17634
17643
17646
17673
17676
17699
17710
17712
17715
17731
17734
17745
17752
17753
17754
17766
17777
17778
17781
17787
17790
17810
17820
17832
17853
17864
17893
17901
17904
17906
17908
17911
17929
17947
17966
17967
17988
17993
17997
18001
18004
18007
18030
18039
18044
18049
18059
18061
18069
18079
18099
18108
18119
18120
18155
18169
18218
18225
18227
18240
18243
18244
18249
18252
18268
18274
18280
18285
18287
18299
18307
18325
18343
18363
18375
18380
18390
18397
18426
18453
18463
18477
18485
18503
18522
18527
18528
18542
18549
18569
18584
18587
18588
18612
18615
18626
18627
18630
18646
18675
18679
18687
18727
18735
18739
18742
18752
18765
18766
18770
18785
18796
18802
18805
18812
18814
18826
18827
18840
18847
18862
18895
18915
18919
18920
18924
18939
18948
18955
18960
18964
18965
18974
18975
18977
18986
18992
18997
19014
19015
19016
19063
19075
19092
19101
19110
19114
19116
19169
19181
19195
19200
19205
19215
19222
19230
19231
19234
19238
19246
19247
19250
19263
19264
19266
19280
19285
19302
19307
19326
19333
19335
19337
19338
19342
19347
19348
19368
19377
19386
19413
19425
19438
19442
19445
19465
19474
19495
19500
19501
19518
19536
19548
19549
19575
19579
19601
19615
19620
19631
19633
19655
19660
19675
19695
19708
19713
19734
19736
19739
19758
19793
19803
19821
19829
19834
19836
19855
19863
19865
19866
19878
19883
19905
19921
19941
19950
19962
19965
19967
19976
19977
20003
20009
20016
20023
20051
20072
20080
20096
20099
20121
20147
20150
20166
20167
20181
20192
20201
20203
20213
20220
20222
20243
20249
20252
20259
20278
20285
20314
20326
20329
20344
20347
20355
20356
20362
20377
20378
20397
20400
20413
20423
20426
20430
20437
20439
20451
20458
20470
20492
20499
20500
20538
20540
20544
20553
20561
20565
20570
20587
20597
20606
20610
20615
20616
20626
20631
20649
20664
20670
20673
20675
20685
20687
20697
20705
20708
20728
20737
20738
20752
20756
20780
20790
20797
20800
20805
20833
20842
20844
20849
20868
20869
20872
20902
20903
20926
20937
20939
20941
20942
20946
20952
20965
20985
20989
21001
21007
21018
21026
21035
21038
21055
21056
21075
21080
21092
21098
21099
21102
21112
21116
21129
21144
21149
21150
21153
21154
21156
21170
21176
21179
21182
21187
21208
21209
21221
21228
21238
21250
21261
21278
21284
21285
21305
21306
21320
21325
21328
21341
21359
21370
21381
21390
21415
21420
21428
21447
21458
21466
21468
21487
21496
21505
21512
21515
21524
21525
21531
21539
21559
21570
21579
21580
21582
21584
21596
21606
21607
21610
21622
21625
21637
21643
21647
21654
21660
21673
21685
21689
21690
21695
21714
21717
21720
21726
21775
21795
21812
21815
21831
21853
21861
21864
21866
21877
21893
21930
21938
21939
21946
21947
21948
21950
21966
21974
21980
21986
21993
21998
22000
22002
22003
22011
22014
22024
22029
22032
22049
22058
22069
22092
22103
22113
22114
22122
22126
22149
22154
22155
22162
22172
22182
22185
22204
22206
22218
22219
22231
22234
22238
22251
22271
22293
22304
22307
22315
22318
22322
22366
22374
22404
22408
22413
22415
22417
22443
22451
22459
22460
22468
22474
22477
22488
22492
22493
22496
22522
22536
22542
22567
22569
22578
22587
22598
22619
22625
22631
22643
22663
22668
22674
22675
22695
22708
22715
22717
22721
22723
22728
22730
22733
22738
22741
22767
22770
22825
22835
22863
22883
22894
22903
22906
22943
22946
22957
22963
22964
22977
22989
22996
22999
23022
23024
23029
23043
23046
23047
23053
23076
23101
23116
23119
23130
23144
23156
23157
23165
23202
23206
23218
23221
23225
23227
23239
23241
23242
23265
23281
23287
23294
23298
23304
23320
23322
23337
23338
23344
23357
23373
23412
23419
23425
23439
23482
23483
23488
23490
23517
23527
23547
23556
23563
23572
23581
23634
23649
23657
23663
23672
23695
23700
23712
23724
23730
23731
23747
23759
23778
23779
23796
23799
23810
23812
23819
23820
23829
23851
23860
23866
23873
23877
23879
23888
23897
23929
23939
23955
23962
23977
23986
23997
24017
24028
24042
24059
24063
24066
24095
24099
24104
24111
24119
24125
24132
24142
24144
24145
24176
24196
24204
24205
24218
24219
24231
24248
24251
24264
24271
24278
24281
24284
24294
24299
24307
24326
24333
24336
24338
24350
24354
24356
24358
24369
24373
24386
24400
24407
24414
24417
24435
24442
24446
24448
24451
24452
24469
24481
24501
24512
24524
24528
24531
24532
24539
24560
24573
24575
24584
24597
24603
24610
24621
24635
24651
24667
24672
24680
24697
24731
24733
24735
24747
24748
24763
24770
24772
24780
24783
24784
24787
24789
24835
24850
24867
24868
24870
24883
24886
24899
24906
24931
24943
24965
24969
24987
24989
25000
25007
25028
25032
25033
25034
25040
25055
25071
25078
25091
25094
25106
25107
25116
25127
25145
25164
25172
25174
25187
25191
25208
25209
25210
25222
25225
25231
25245
25257
25266
25282
25284
25291
25296
25311
25328
25331
25346
25373
25377
25398
25409
25413
25417
25425
25431
25453
25454
25480
25509
25523
25535
25536
25538
25552
25553
25573
25586
25590
25601
25619
25630
25631
25641
25645
25671
25685
25688
25689
25695
25708
25721
25728
25740
25746
25768
25789
25802
25809
25820
25829
25855
25861
25867
25880
25882
25883
25896
25911
25915
25922
25924
25941
25949
25950
25955
25993
25996
26008
26013
26014
26033
26048
26050
26053
26057
26081
26084
26123
26127
26130
26140
26148
26149
26154
26156
26165
26171
26187
26194
26208
26209
26222
26247
26267
26270
26284
26291
26305
26306
26307
26311
26324
26358
26364
26378
26383
26391
26399
26403
26412
26419
26433
26448
26449
26463
26478
26488
26503
26505
26526
26534
26542
26548
26550
26554
26555
26561
26593
26596
26625
26629
26644
26651
26662
26671
26674
26678
26691
26692
26694
26702
26710
26711
26715
26724
26732
26739
26744
26781
26783
26809
26824
26825
26830
26831
26849
26866
26871
26878
26880
26909
26928
26929
26942
26943
26965
26975
26981
26989
26998
27022
27031
27032
27047
27060
27067
27075
27078
27084
27095
27115
27132
27133
27135
27140
27143
27152
27160
27167
27172
27173
27183
27211
27212
27214
27238
27248
27261
27274
27279
27282
27287
27313
27316
27333
27349
27362
27366
27389
27419
27420
27423
27435
27443
27467
27478
27480
27486
27518
27527
27534
27540
27541
27553
27560
27570
27573
27589
27610
27625
27640
27644
27645
27649
27651
27666
27670
27671
27675
27690
27691
27701
27718
27726
27741
27755
27763
27783
27784
27786
27795
27803
27804
27828
27835
27838
27840
27847
27856
27861
27866
27870
27899
27917
27930
27937
27946
27960
27977
27987
27988
28006
28026
28031
28032
28037
28075
28107
28111
28119
28123
28132
28137
28157
28171
28174
28193
28199
28204
28224
28252
28256
28263
28264
28265
28276
28299
28303
28316
28343
28344
28359
28371
28374
28380
28391
28392
28406
28409
28418
28431
28441
28444
28458
28472
28476
28485
28499
28515
28527
28528
28536
28561
28571
28580
28613
28626
28633
28653
28668
28693
28707
28709
28716
28734
28735
28752
28757
28759
28760
28773
28778
28796
28803
28820
28825
28826
28841
28858
28861
28881
28900
28913
28916
28936
28953
28955
28957
28983
28995
29013
29014
29023
29042
29045
29061
29073
29089
29094
29097
29104
29121
29146
29153
29158
29181
29182
29185
29224
29225
29231
29232
29237
29246
29249
29266
29269
29270
29289
29294
29300
29304
29313
29352
29353
29356
29357
29366
29383
29391
29398
29415
29427
29458
29459
29464
29476
29483
29504
29506
29521
29528
29557
29602
29608
29610
29613
29636
29641
29642
29650
29653
29670
29671
29675
29701
29719
29757
29763
29765
29785
29791
29800
29816
29823
29844
29875
29882
29889
29894
29896
29899
29913
29936
29958
29962
29969
29972
29991
30000
30002
30011
30040
30041
30048
30057
30062
30070
30072
30077
30084
30090
30093
30105
30124
30130
30131
30136
30159
30175
30183
30193
30206
30213
30226
30229
30241
30251
30254
30256
30258
30265
30273
30282
30284
30304
30306
30354
30362
30375
30377
30379
30386
30398
30400
30411
30417
30423
30431
30445
30461
30468
30483
30489
30511
30515
30540
30571
30574
30591
30611
30642
30644
30645
30650
30662
30673
30675
30679
30681
30692
30717
30720
30729
30733
30740
30747
30754
30760
30774
30780
30793
30813
30824
30833
30859
30883
30885
30895
30897
30907
30915
30934
30949
30960
30962
30974
30984
30986
31011
31021
31032
31042
31044
31049
31065
31098
31108
31117
31136
31140
31153
31155
31157
31178
31183
31201
31217
31229
31249
31254
31269
31274
31283
31311
31345
31347
31349
31379
31395
31404
31409
31428
31431
31446
31450
31451
31452
31469
31482
31488
31504
31515
31538
31544
31548
31559
31562
31564
31579
31582
31587
31595
31596
31602
31610
31627
31631
31636
31641
31664
31667
31680
31691
31703
31719
31720
31722
31723
31724
31735
31745
31748
31759
31775
31788
31791
31805
31811
31825
31831
31868
31897
31913
31925
31936
31949
31952
31960
31962
31975
31988
31989
32013
32017
32025
32031
32042
32044
32071
32087
32091
32106
32114
32115
32137
32157
32171
32176
32192
32193
32194
32203
32209
32223
32227
32234
32267
32275
32276
32281
32284
32299
32314
32319
32330
32339
32371
32376
32379
32385
32398
32401
32409
32414
32420
32421
32422
32434
32444
32476
32479
32484
32490
32495
32505
32539
32563
32581
32586
32588
32610
32619
32642
32644
32652
32653
32656
32663
32664
32665
32680
32685
32688
32689
32691
32703
32730
32753
32764
32775
32786
32790
32794
32799
32804
32811
32827
32847
32850
32881
32883
32885
32897
32900
32913
32931
32933
32940
32944
32960
32964
32975
32984
32990
33000
33002
33004
33009
33022
33028
33029
33049
33054
33080
33099
33114
33132
33139
33145
33146
33161
33169
33186
33189
33194
33208
33223
33225
33229
33239
33240
33263
33276
33283
33299
33316
33331
33344
33351
33357
33371
33399
33400
33407
33412
33421
33432
33444
33445
33468
33471
33491
33500
33507
33510
33529
33532
33566
33568
33583
33587
33589
33590
33594
33607
33609
33624
33633
33649
33655
33694
33709
33722
33729
33745
33754
33758
33760
33763
33772
33786
33795
33817
33818
33828
33837
33840
33845
33854
33875
33877
33880
33896
33908
33911
33917
33939
33953
33962
33966
33969
33970
33986
33989
34006
34018
34023
34026
34048
34058
34076
34085
34089
34092
34105
34119
34120
34127
34140
34143
34145
34170
34171
34175
34180
34183
34188
34190
34203
34204
34208
34219
34235
34239
34259
34268
34289
34293
34315
34316
34318
34327
34333
34351
34363
34364
34366
34368
34384
34387
34390
34396
34407
34427
34461
34481
34525
34526
34536
34547
34548
34551
34552
34556
34587
34597
34605
34607
34622
34629
34630
34642
34644
34645
34646
34659
34660
34672
34684
34685
34695
34701
34710
34712
34713
34716
34721
34728
34736
34740
34788
34793
34802
34805
34815
34828
34832
34845
34846
34853
34862
34866
34873
34893
34898
34906
34931
34967
34973
34987
34995
35010
35015
35022
35030
35043
35045
35049
35058
35066
35073
35086
35093
35113
35122
35132
35139
35143
35155
35156
35162
35165
35170
35173
35180
35190
35195
35208
35221
35226
35231
35248
35249
35271
35272
35317
35333
35336
35346
35349
35354
35366
35376
35379
35381
35401
35407
35415
35422
35434
35447
35458
35459
35486
35491
35498
35504
35511
35520
35522
35528
35530
35531
35542
35548
35550
35557
35562
35563
35568
35574
35582
35610
35613
35615
35622
35631
35640
35643
35649
35658
35688
35692
35703
35723
35744
35765
35794
35796
35801
35803
35805
35806
35814
35833
35859
35869
35870
35874
35876
35881
35890
35891
35898
35911
35914
35922
35929
35944
35949
35954
35969
35979
35984
35986
36005
36018
36021
36023
36032
36046
36048
36057
36076
36078
36082
36093
36103
36119
36128
36130
36132
36149
36154
36169
36180
36189
36206
36216
36227
36242
36247
36248
36262
36263
36287
36295
36298
36301
36324
36327
36329
36337
36338
36357
36377
36406
36409
36421
36427
36432
36449
36458
36471
36488
36511
36515
36525
36542
36555
36566
36572
36575
36592
36595
36604
36623
36644
36645
36671
36684
36705
36707
36709
36716
36723
36732
36740
36755
36761
36802
36803
36815
36835
36852
36855
36862
36872
36887
36899
36911
36912
36917
36931
36946
36957
36990
37013
37017
37021
37022
37035
37042
37054
37065
37082
37085
37105
37118
37124
37132
37134
37135
37161
37163
37166
37167
37169
37174
37186
37188
37197
37204
37205
37209
37223
37229
37244
37250
37260
37266
37271
37280
37284
37293
37304
37309
37314
37332
37355
37361
37362
37368
37373
37374
37383
37397
37404
37422
37439
37443
37454
37464
37468
37470
37478
37503
37517
37524
37540
37555
37566
37569
37572
37578
37604
37622
37625
37626
37627
37636
37643
37649
37652
37658
37689
37690
37691
37692
37700
37703
37711
37718
37729
37730
37745
37746
37756
37765
37786
37789
37792
37795
37796
37797
37821
37827
37847
37848
37855
37860
37886
37889
37890
37896
37903
37908
37912
37913
37927
37928
37940
37943
37944
37959
37991
37996
38037
38049
38053
38058
38066
38083
38086
38089
38109
38116
38129
38130
38145
38166
38167
38174
38180
38193
38199
38218
38223
38238
38239
38241
38245
38277
38281
38283
38294
38321
38341
38346
38361
38368
38377
38383
38399
38410
38441
38445
38451
38485
38495
38507
38520
38529
38536
38549
38565
38580
38593
38602
38627
38653
38657
38670
38687
38712
38714
38732
38735
38752
38755
38771
38772
38797
38804
38811
38827
38859
38867
38882
38892
38894
38900
38904
38911
38927
38955
38970
38982
38983
38986
38989
38990
38991
38998
39040
39061
39066
39081
39099
39100
39108
39116
39122
39124
39125
39127
39136
39140
39143
39181
39184
39189
39215
39222
39231
39235
39240
39267
39285
39290
39301
39312
39317
39325
39327
39329
39349
39359
39366
39384
39397
39412
39415
39445
39452
39461
39469
39489
39509
39520
39553
39565
39566
39591
39595
39617
39618
39619
39641
39675
39678
39686
39696
39704
39705
39706
39721
39728
39741
39744
39761
39768
39770
39774
39786
39798
39804
39814
39820
39836
39851
39852
39855
39871
39884
39885
39900
39904
39907
39909
39928
39933
39941
39961
39981
39982
40005
40020
40035
40051
40055
40068
40078
40079
40087
40100
40104
40109
40121
40161
40166
40184
40185
40202
40205
40223
40247
40254
40256
40257
40281
40298
40301
40305
40307
40337
40374
40375
40382
40384
40385
40401
40404
40427
40447
40452
40462
40463
40480
40481
40483
40490
40502
40517
40520
40532
40540
40550
40555
40570
40572
40574
40575
40578
40588
40618
40619
40620
40636
40639
40655
40662
40683
40691
40720
40722
40734
40739
40743
40745
40752
40763
40765
40789
40805
40811
40818
40830
40836
40858
40865
40866
40883
40892
40898
40901
40904
40914
40925
40926
40931
40932
40940
40947
40962
40996
41003
41007
41010
41015
41048
41053
41067
41071
41085
41107
41110
41123
41136
41143
41165
41171
41212
41225
41229
41233
41267
41283
41287
41299
41317
41337
41343
41356
41378
41385
41391
41404
41407
41411
41428
41436
41453
41471
41476
41491
41494
41507
41513
41515
41537
41543
41552
41565
41573
41590
41608
41619
41624
41629
41632
41639
41653
41689
41704
41720
41727
41740
41742
41747
41753
41755
41765
41767
41773
41776
41781
41820
41822
41834
41843
41850
41863
41883
41902
41917
41929
41943
41960
41968
41969
41978
41994
42024
42041
42043
42054
42055
42056
42070
42073
42082
42083
42087
42088
42097
42114
42117
42120
42137
42140
42150
42161
42178
42186
42199
42201
42203
42210
42212
42215
42220
42235
42248
42251
42254
42255
42257
42264
42284
42303
42343
42355
42375
42391
42398
42419
42423
42432
42434
42441
42445
42469
42476
42477
42493
42505
42508
42526
42534
42545
42565
42585
42588
42605
42627
42636
42669
42677
42678
42681
42707
42735
42755
42758
42775
42777
42791
42794
42804
42807
42823
42840
42841
42886
42898
42902
42906
42907
42908
42909
42914
42930
42931
42938
42951
42954
42962
42966
42971
42994
43012
43014
43027
43029
43031
43043
43064
43065
43067
43070
43076
43080
43090
43100
43103
43126
43132
43135
43140
43155
43171
43180
43192
43196
43198
43200
43204
43208
43209
43224
43230
43235
43252
43255
43256
43280
43287
43298
43301
43327
43330
43353
43373
43380
43393
43417
43428
43435
43438
43448
43456
43460
43466
43474
43475
43476
43482
43492
43494
43509
43517
43537
43552
43557
43562
43563
43573
43599
43619
43637
43644
43654
43658
43659
43666
43670
43672
43677
43702
43711
43717
43730
43739
43747
43758
43759
43762
43773
43775
43782
43783
43816
43817
43833
43853
43865
43868
43869
43875
43883
43889
43902
43922
43942
43943
43952
43962
43967
43978
43991
43997
44004
44020
44032
44034
44035
44051
44058
44101
44112
44134
44138
44142
44146
44157
44162
44174
44181
44188
44191
44192
44193
44211
44216
44231
44240
44249
44280
44282
44295
44303
44305
44312
44338
44349
44350
44373
44380
44385
44388
44397
44408
44416
44426
44435
44439
44440
44456
44457
44462
44468
44477
44478
44497
44504
44510
44519
44522
44540
44543
44545
44546
44555
44557
44567
44575
44580
44596
44608
44609
44630
44671
44681
44684
44709
44716
44729
44749
44764
44779
44782
44799
44827
44837
44848
44873
44888
44889
44903
44906
44959
44969
45000
45005
45008
45015
45031
45043
45046
45079
45088
45089
45093
45108
45135
45150
45151
45164
45171
45195
45196
45217
45239
45246
45260
45264
45266
45271
45272
45273
45275
45289
45312
45321
45327
45328
45336
45340
45364
45365
45377
45389
45396
45398
45400
45407
45408
45419
45436
45441
45468
45473
45474
45477
45480
45508
45509
45517
45545
45554
45563
45586
45597
45599
45601
45610
45612
45619
45628
45636
45642
45644
45655
45656
45658
45675
45687
45696
45699
45704
45707
45712
45727
45732
45734
45736
45747
45758
45759
45764
45774
45781
45783
45786
45789
45791
45796
45801
45809
45814
45822
45836
45843
45848
45850
45854
45862
45878
45902
45903
45911
45940
45945
45946
45959
45970
45979
45983
45990
45995
46005
46027
46051
46061
46062
46068
46070
46072
46075
46079
46098
46117
46126
46130
46134
46136
46138
46145
46157
46182
46184
46187
46208
46211
46221
46228
46241
46242
46246
46247
46269
46279
46280
46295
46296
46306
46329
46350
46354
46370
46379
46403
46406
46409
46424
46425
46427
46442
46449
46454
46465
46480
46485
46500
46506
46523
46525
46532
46534
46548
46549
46555
46563
46566
46570
46588
46592
46595
46600
46621
46634
46639
46652
46666
46674
46681
46689
46692
46702
46709
46729
46736
46743
46803
46807
46815
46821
46834
46838
46848
46853
46854
46856
46857
46882
46899
46900
46902
46908
46911
46918
46923
46932
46937
46953
46971
46979
46981
46983
46986
47007
47027
47059
47090
47095
47123
47140
47145
47157
47173
47192
47195
47207
47217
47225
47245
47280
47287
47311
47329
47352
47356
47361
47367
47377
47380
47395
47411
47424
47426
47441
47455
47461
47469
47481
47493
47496
47510
47514
47519
47520
47533
47539
47587
47592
47594
47602
47605
47618
47620
47625
47628
47643
47651
47653
47654
47655
47669
47676
47678
47684
47689
47720
47724
47725
47742
47746
47749
47760
47781
47795
47802
47803
47818
47821
47834
47838
47841
47872
47876
47881
47895
47901
47913
47925
47930
47939
47946
47950
47970
47975
47979
47992
48014
48031
48038
48045
48064
48065
48076
48088
48091
48137
48139
48163
48164
48174
48179
48193
48213
48233
48258
48264
48281
48291
48300
48302
48311
48321
48324
48325
48336
48352
48355
48360
48385
48386
48392
48396
48415
48426
48431
48435
48445
48465
48480
48482
48485
48498
48499
48500
48521
48551
48557
48563
48579
48587
48599
48626
48628
48642
48662
48666
48667
48682
48683
48700
48701
48702
48722
48725
48732
48735
48746
48761
48770
48781
48783
48788
48794
48798
48806
48817
48849
48859
48868
48873
48901
48904
48917
48922
48930
48932
48935
48965
48974
48978
48981
48995
48998
49006
49018
49020
49054
49055
49057
49077
49080
49081
49082
49091
49103
49108
49117
49122
49135
49137
49142
49147
49149
49156
49157
49166
49183
49188
49193
49207
49222
49228
49230
49234
49249
49254
49269
49286
49287
49288
49294
49297
49300
49307
49312
49318
49321
49324
49329
49350
49376
49378
49390
49404
49406
49410
49431
49433
49435
49446
49450
49461
49467
49477
49494
49529
49556
49560
49566
49570
49585
49586
49589
49602
49607
49627
49638
49645
49648
49650
49654
49670
49673
49678
49725
49729
49732
49746
49748
49749
49763
49771
49789
49791
49809
49810
49813
49814
49821
49826
49841
49859
49864
49868
49882
49893
49896
49912
49913
49926
49938
49946
49948
49955
49966
49968
49981
49985
50000
50007
50012
50025
50033
50043
50045
50067
50087
50107
50131
50140
50141
50148
50175
50181
50184
50195
50201
50206
50210
50212
50213
50214
50253
50260
50262
50265
50286
50288
50297
50300
50308
50312
50317
50330
50336
50337
50340
50361
50364
50369
50372
50374
50378
50401
50403
50412
50417
50431
50470
50481
50491
50500
50516
50529
50545
50554
50560
50565
50603
50611
50613
50644
50658
50671
50672
50679
50680
50683
50688
50693
50713
50717
50726
50728
50735
50755
50770
50775
50803
50809
50815
50824
50834
50837
50885
50892
50906
50915
50922
50935
50936
50940
50946
50950
50955
50960
50964
50969
50975
50976
50982
50989
50995
51030
51038
51054
51063
51085
51091
51092
51101
51106
51116
51133
51142
51153
51154
51173
51196
51201
51211
51217
51222
51230
51237
51245
51257
51260
51268
51274
51321
51332
51333
51343
51373
51376
51381
51388
51401
51421
51428
51462
51463
51469
51471
51474
51486
51519
51522
51534
51536
51543
51555
51561
51571
51578
51613
51616
51617
51635
51640
51655
51675
51686
51695
51701
51706
51717
51756
51759
51763
51768
51771
51776
51790
51798
51799
51811
51816
51837
51848
51851
51871
51890
51896
51903
51909
51915
51918
51934
51940
51946
51947
51970
51987
51991
51998
52014
52022
52027
52035
52038
52041
52059
52085
52096
52098
52101
52104
52111
52116
52129
52134
52160
52164
52168
52191
52209
52227
52240
52252
52259
52269
52272
52281
52287
52298
52300
52307
52327
52350
52371
52375
52378
52379
52385
52386
52394
52404
52415
52432
52435
52446
52455
52464
52476
52479
52487
52539
52543
52545
52563
52565
52585
52590
52601
52607
52636
52661
52664
52676
52679
52690
52692
52697
52700
52702
52713
52740
52747
52751
52753
52771
52773
52785
52790
52794
52810
52816
52818
52828
52853
52864
52871
52891
52904
52907
52917
52922
52924
52931
52936
52939
52940
52966
52972
52974
52994
53035
53037
53039
53042
53048
53075
53083
53084
53091
53104
53107
53108
53123
53136
53156
53158
53165
53167
53182
53209
53223
53225
53231
53241
53246
53252
53262
53282
53283
53287
53305
53325
53332
53345
53357
53358
53365
53374
53376
53382
53385
53402
53412
53419
53447
53453
53457
53474
53475
53480
53482
53488
53493
53514
53527
53542
53545
53547
53554
53558
53560
53566
53570
53583
53584
53586
53591
53595
53609
53619
53630
53671
53688
53691
53704
53711
53712
53716
53722
53724
53740
53749
53755
53757
53758
53803
53815
53838
53846
53863
53874
53875
53889
53903
53923
53938
53943
53954
53958
53960
53975
53987
53995
54001
54008
54013
54014
54016
54020
54028
54029
54060
54062
54073
54074
54077
54084
54088
54107
54126
54127
54140
54147
54174
54191
54199
54201
54208
54228
54242
54248
54249
54250
54258
54270
54273
54285
54291
54296
54301
54304
54322
54339
54343
54357
54377
54397
54398
54402
54406
54413
54430
54436
54444
54460
54476
54481
54487
54493
54499
54516
54524
54526
54530
54531
54534
54535
54559
54560
54568
54587
54603
54615
54616
54622
54635
54648
54655
54658
54660
54694
54697
54700
54704
54706
54707
54722
54724
54727
54730
54735
54736
54739
54746
54767
54772
54780
54782
54797
54798
54829
54845
54849
54856
54858
54859
54867
54879
54888
54892
54898
54910
54915
54930
54952
54953
54972
54976
54977
54983
54996
55008
55017
55028
55035
55038
55050
55051
55054
55062
55071
55091
55093
55103
55104
55106
55116
55133
55139
55144
55151
55179
55190
55194
55198
55231
55249
55257
55283
55292
55301
55312
55321
55334
55336
55341
55343
55353
55377
55378
55383
55393
55419
55432
55440
55461
55470
55472
55474
55482
55485
55488
55509
55527
55547
55548
55550
55566
55579
55580
55592
55628
55640
55649
55665
55677
55688
55694
55698
55705
55715
55717
55726
55732
55737
55743
55746
55751
55758
55771
55791
55796
55831
55844
55845
55851
55858
55864
55866
55869
55874
55876
55881
55893
55914
55923
55926
55932
55937
55941
55947
55960
55962
55966
55974
55998
55999
56006
56008
56012
56029
56043
56047
56053
56067
56073
56134
56136
56139
56164
56165
56191
56197
56198
56204
56207
56225
56228
56234
56245
56260
56265
56275
56288
56297
56305
56321
56324
56337
56383
56391
56398
56420
56434
56437
56448
56449
56457
56474
56475
56488
56492
56495
56504
56515
56524
56528
56535
56561
56565
56574
56578
56581
56585
56615
56616
56621
56624
56645
56654
56657
56697
56721
56730
56738
56741
56754
56761
56776
56791
56817
56820
56823
56849
56869
56871
56875
56921
56925
56927
56934
56966
56974
56975
56994
56995
57004
57009
57016
57040
57056
57103
57107
57131
57141
57149
57166
57171
57172
57173
57194
57195
57199
57207
57227
57247
57264
57265
57278
57291
57300
57306
57308
57312
57336
57341
57351
57373
57391
57396
57399
57401
57402
57415
57424
57426
57441
57457
57468
57472
57474
57477
57488
57492
57495
57522
57523
57527
57533
57568
57584
57594
57598
57608
57612
57625
57635
57651
57660
57679
57680
57689
57698
57717
57734
57735
57739
57750
57762
57765
57766
57771
57781
57788
57801
57804
57806
57817
57820
57833
57856
57863
57864
57868
57872
57877
57879
57886
57893
57897
57909
57914
57919
57920
57932
57941
57952
57967
57974
57983
57990
58001
58021
58045
58048
58064
58065
58067
58077
58079
58080
58084
58086
58089
58097
58113
58144
58149
58163
58173
58183
58200
58219
58227
58237
58249
58250
58252
58257
58268
58278
58288
58298
58311
58324
58327
58328
58333
58336
58339
58343
58379
58389
58399
58406
58410
58411
58412
58421
58431
58449
58465
58483
58491
58495
58503
58513
58525
58527
58541
58544
58550
58558
58564
58582
58587
58602
58612
58620
58640
58642
58654
58656
58660
58664
58667
58678
58700
58707
58711
58721
58729
58747
58758
58759
58760
58774
58785
58793
58800
58812
58822
58832
58853
58855
58874
58878
58881
58892
58924
58931
58937
58946
58955
58966
58971
58983
59001
59014
59016
59038
59046
59054
59062
59070
59081
59092
59100
59104
59119
59120
59137
59151
59158
59168
59178
59195
59202
59228
59229
59239
59242
59262
59263
59271
59275
59282
59299
59307
59308
59315
59318
59322
59328
59334
59350
59352
59356
59366
59375
59383
59394
59398
59408
59416
59436
59440
59461
59467
59471
59480
59490
59500
59512
59528
59529
59535
59550
59569
59588
59598
59624
59630
59631
59643
59652
59660
59678
59691
59699
59707
59715
59725
59735
59760
59769
59777
59778
59798
59808
59815
59818
59825
59828
59860
59870
59883
59886
59891
59904
59914
59921
59930
59955
59957
59961
59964
59978
59980
59996
