17
31
41
46
55
85
94
97
125
137
144
146
160
188
197
202
225
240
245
265
295
300
312
333
343
348
352
368
386
393
404
415
418
439
445
456
469
485
499
503
517
528
532
539
545
559
571
575
594
602
615
627
628
685
694
705
708
720
725
726
734
736
740
756
758
761
766
769
777
784
791
792
796
817
823
831
858
865
876
885
913
923
925
935
963
972
976
1009
1013
1016
1025
1026
1045
1059
1063
1064
1067
1086
1101
1105
1120
1141
1170
1193
1207
1214
1219
1223
1236
1237
1239
1247
1254
1267
1279
1289
1294
1296
1319
1329
1339
1344
1362
1384
1388
1404
1419
1434
1439
1453
1457
1464
1475
1484
1505
1519
1534
1542
1543
1593
1598
1616
1621
1641
1657
1666
1713
1745
1749
1758
1759
1760
1773
1776
1777
1780
1783
1788
1790
1793
1804
1853
1856
1873
1893
1901
1914
1943
1948
1964
1966
1974
2001
2002
2013
2016
2026
2030
2043
2057
2063
2067
2068
2070
2077
2097
2117
2124
2135
2139
2150
2155
2170
2175
2194
2210
2215
2231
2237
2243
2265
2285
2302
2303
2349
2358
2369
2378
2382
2383
2384
2388
2394
2400
2413
2421
2425
2442
2444
2475
2476
2482
2507
2511
2555
2577
2593
2598
2610
2611
2628
2636
2668
2672
2678
2679
2681
2682
2683
2685
2687
2699
2761
2768
2781
2805
2810
2833
2841
2842
2845
2901
2927
2940
2942
2951
2958
2971
2972
2987
2991
3002
3003
3011
3014
3026
3027
3028
3029
3032
3040
3066
3073
3082
3086
3093
3094
3114
3119
3144
3148
3152
3153
3154
3158
3163
3168
3191
3196
3211
3225
3243
3251
3254
3273
3279
3281
3293
3299
3338
3353
3354
3365
3407
3420
3425
3432
3438
3446
3476
3480
3482
3489
3493
3495
3497
3499
3501
3502
3512
3513
3517
3526
3554
3555
3570
3581
3584
3600
3601
3616
3619
3630
3643
3657
3658
3664
3665
3688
3689
3690
3711
3727
3730
3737
3744
3759
3762
3766
3775
3792
3807
3816
3825
3842
3845
3865
3866
3872
3883
3891
3892
3918
3928
3931
3958
3959
3961
3968
3976
3979
3983
3986
4006
4021
4036
4040
4043
4052
4058
4063
4083
4084
4100
4103
4139
4147
4148
4151
4176
4213
4215
4253
4258
4261
4272
4275
4282
4287
4305
4308
4324
4348
4357
4370
4375
4381
4383
4384
4388
4391
4419
4434
4440
4448
4468
4481
4482
4501
4521
4525
4537
4578
4580
4582
4598
4609
4621
4634
4637
4652
4669
4675
4677
4684
4691
4692
4698
4700
4705
4727
4745
4761
4767
4797
4803
4814
4825
4834
4848
4853
4859
4860
4862
4873
4887
4909
4927
4947
4967
4982
4992
5005
5009
5029
5030
5034
5042
5043
5050
5055
5078
5087
5112
5116
5119
5140
5163
5170
5183
5199
5200
5205
5215
5220
5243
5248
5257
5263
5281
5296
5299
5333
5335
5338
5343
5346
5348
5360
5369
5372
5376
5389
5394
5409
5418
5430
5431
5435
5460
5463
5474
5476
5521
5534
5536
5537
5548
5557
5574
5594
5597
5609
5625
5628
5633
5661
5670
5680
5695
5696
5699
5725
5743
5763
5775
5781
5783
5791
5800
5819
5827
5853
5894
5896
5916
5917
5949
5972
5977
5997
6006
6017
6022
6030
6041
6066
6072
6093
6111
6129
6136
6152
6153
6158
6163
6187
6196
6199
6203
6214
6223
6240
6242
6243
6261
6275
6284
6288
6321
6322
6335
6353
6354
6364
6369
6390
6404
6417
6437
6457
6470
6477
6493
6495
6498
6503
6506
6508
6512
6523
6533
6534
6544
6563
6573
6580
6582
6583
6604
6606
6618
6620
6622
6659
6677
6697
6703
6728
6731
6744
6746
6760
6774
6788
6792
6795
6801
6803
6806
6808
6814
6816
6831
6873
6891
6896
6897
6905
6916
6924
6938
6940
6942
6943
6952
6957
6962
6976
6994
7000
7021
7026
7034
7035
7042
7048
7051
7076
7101
7115
7117
7121
7122
7136
7141
7142
7151
7168
7182
7184
7190
7199
7215
7218
7228
7231
7290
7297
7300
7307
7308
7316
7320
7328
7329
7356
7359
7376
7400
7405
7425
7436
7439
7441
7450
7453
7461
7477
7479
7488
7508
7512
7514
7519
7539
7540
7550
7570
7575
7586
7604
7606
7607
7617
7636
7638
7642
7645
7665
7674
7681
7682
7704
7712
7750
7763
7768
7775
7777
7793
7797
7799
7810
7814
7824
7825
7836
7844
7851
7856
7871
7872
7891
7908
7909
7918
7923
7924
7928
7956
7979
7995
8008
8029
8031
8033
8045
8047
8067
8109
8118
8125
8132
8136
8139
8148
8171
8175
8181
8197
8210
8213
8221
8234
8242
8269
8285
8299
8300
8303
8306
8310
8313
8324
8327
8340
8359
8365
8366
8371
8378
8386
8391
8397
8431
8432
8441
8465
8482
8485
8496
8501
8507
8520
8522
8535
8536
8584
8607
8618
8619
8645
8659
8661
8662
8666
8675
8680
8686
8690
8694
8701
8719
8722
8730
8732
8746
8753
8759
8761
8764
8780
8782
8785
8859
8867
8889
8892
8915
8918
8920
8928
8933
8951
8955
9008
9014
9019
9020
9050
9057
9076
9079
9088
9099
9112
9117
9125
9134
9152
9154
9155
9164
9165
9178
9185
9208
9213
9219
9220
9234
9241
9250
9285
9309
9314
9334
9345
9349
9358
9359
9361
9364
9369
9408
9490
9501
9521
9528
9537
9543
9554
9557
9559
9564
9567
9591
9594
9601
9608
9611
9640
9641
9650
9651
9661
9686
9694
9726
9732
9749
9762
9764
9769
9782
9789
9792
9794
9799
9805
9811
9832
9839
9844
9847
9852
9861
9866
9873
9900
9918
9924
9925
9935
9936
9937
9944
9948
9952
9956
9970
9982
9996
10001
10012
10021
10041
10054
10057
10061
10064
10066
10079
10115
10124
10126
10151
10187
10189
10197
10201
10217
10222
10233
10250
10274
10281
10319
10339
10358
10359
10379
10395
10398
10422
10426
10444
10446
10447
10482
10486
10490
10499
10513
10515
10551
10559
10561
10572
10575
10584
10592
10595
10596
10611
10619
10628
10632
10649
10655
10663
10694
10710
10711
10720
10726
10733
10738
10753
10771
10797
10800
10817
10818
10837
10856
10862
10866
10881
10889
10895
10901
10905
10927
10936
10948
10963
10973
10981
11028
11035
11063
11067
11070
11087
11101
11108
11120
11121
11142
11146
11149
11160
11161
11176
11181
11191
11210
11211
11213
11239
11241
11258
11273
11288
11302
11311
11322
11331
11351
11355
11365
11374
11382
11383
11398
11406
11413
11425
11431
11444
11450
11457
11469
11478
11482
11506
11529
11546
11555
11568
11575
11586
11602
11611
11613
11614
11625
11662
11672
11681
11704
11717
11720
11722
11724
11726
11734
11741
11749
11750
11751
11753
11761
11796
11808
11823
11827
11836
11843
11858
11859
11872
11880
11881
11885
11890
11904
11908
11923
11940
11942
11950
11984
11989
11998
12009
12010
12014
12026
12027
12032
12037
12043
12045
12054
12066
12073
12084
12085
12099
12111
12112
12118
12130
12163
12164
12173
12174
12182
12190
12198
12235
12242
12250
12255
12268
12275
12282
12288
12295
12298
12308
12309
12317
12335
12353
12369
12378
12379
12400
12419
12444
12455
12466
12473
12482
12493
12494
12513
12522
12534
12557
12565
12580
12586
12594
12609
12616
12619
12622
12623
12627
12630
12633
12648
12658
12660
12663
12683
12710
12712
12719
12777
12778
12782
12831
12848
12857
12886
12890
12892
12899
12904
12923
12928
12934
12936
12943
12944
12958
12960
12963
12974
12984
12988
13004
13014
13016
13017
13018
13037
13051
13055
13062
13065
13079
13083
13089
13095
13103
13118
13122
13151
13152
13171
13176
13186
13189
13195
13204
13219
13258
13274
13281
13301
13316
13320
13327
13341
13342
13343
13346
13354
13365
13378
13386
13393
13396
13402
13407
13412
13420
13422
13423
13424
13436
13440
13447
13476
13477
13485
13489
13498
13518
13549
13554
13559
13562
13578
13588
13592
13597
13605
13608
13618
13620
13626
13632
13639
13655
13669
13677
13680
13682
13723
13781
13792
13793
13795
13803
13812
13849
13866
13869
13876
13885
13888
13895
13899
13917
13920
13924
13934
13944
13951
13954
13960
13966
13976
13979
13990
14003
14008
14013
14014
14017
14020
14035
14055
14062
14068
14075
14093
14128
14140
14162
14170
14173
14189
14191
14192
14203
14209
14211
14225
14226
14250
14253
14263
14270
14279
14301
14304
14305
14322
14338
14362
14380
14382
14385
14396
14406
14413
14438
14441
14452
14457
14474
14477
14478
14480
14494
14495
14499
14553
14611
14614
14625
14626
14638
14640
14645
14648
14664
14665
14669
14678
14679
14690
14697
14706
14728
14730
14733
14745
14751
14754
14766
14772
14779
14782
14791
14808
14826
14830
14831
14845
14872
14873
14893
14896
14902
14908
14913
14923
14941
14968
14975
14987
14993
15021
15033
15050
15056
15091
15096
15102
15104
15115
15129
15149
15158
15219
15221
15225
15236
15247
15248
15258
15267
15282
15286
15289
15307
15321
15333
15341
15343
15355
15364
15366
15406
15408
15411
15424
15430
15436
15455
15458
15467
15487
15501
15502
15515
15522
15532
15546
15595
15598
15599
15610
15616
15623
15624
15626
15629
15636
15640
15645
15664
15678
15691
15707
15723
15724
15738
15739
15749
15757
15766
15772
15775
15782
15807
15817
15820
15861
15879
15897
15911
15919
15935
15941
15950
15956
15963
15973
15979
15988
16000
16022
16023
16026
16036
16040
16042
16044
16059
16066
16069
16073
16101
16114
16115
16128
16135
16141
16145
16154
16158
16172
16179
16182
16184
16223
16230
16231
16232
16246
16252
16263
16266
16274
16275
16277
16282
16284
16301
16321
16322
16339
16340
16365
16373
16377
16382
16398
16416
16417
16432
16440
16445
16457
16465
16467
16486
16500
16517
16539
16552
16554
16559
16579
16597
16611
16624
16631
16637
16639
16658
16659
16669
16688
16724
16725
16730
16741
16750
16752
16762
16773
16785
16790
16797
16798
16820
16824
16826
16828
16833
16860
16864
16870
16880
16883
16893
16897
16901
16917
16920
16937
16951
16955
16964
16965
16972
16974
16979
16994
17013
17021
17027
17036
17055
17056
17060
17065
17084
17096
17111
17112
17121
17128
17145
17160
17162
17165
17170
17178
17179
17193
17194
17196
17197
17222
17233
17237
17244
17270
17275
17289
17290
17291
17302
17345
17348
17358
17361
17362
17364
17375
17393
17405
17407
17456
17499
17506
17512
17515
17527
17530
17545
17547
17559
17564
17594
17596
17602
17609
17614
17628
17641
17654
17658
17667
17668
17672
17675
17679
17681
17688
17700
17705
17721
17743
17751
17756
17760
17765
17768
17784
17803
17804
17808
17818
17825
17859
17878
17889
17894
17919
17924
17937
17948
17950
17952
17957
17975
17990
17999
18012
18014
18041
18047
18078
18089
18104
18109
18114
18126
18129
18130
18150
18156
18195
18205
18214
18217
18239
18242
18272
18281
18288
18291
18305
18310
18311
18317
18334
18335
18338
18348
18353
18368
18369
18373
18378
18383
18396
18406
18414
18419
18433
18434
18439
18450
18466
18467
18478
18491
18521
18523
18533
18559
18574
18577
18580
18595
18614
18618
18619
18623
18629
18635
18642
18644
18657
18660
18674
18685
18689
18690
18710
18711
18714
18740
18762
18774
18775
18795
18798
18811
18835
18856
18872
18884
18887
18890
18901
18902
18931
18933
18945
18952
18967
18994
19000
19005
19025
19041
19043
19046
19052
19065
19067
19079
19103
19124
19128
19131
19137
19148
19159
19177
19182
19194
19201
19204
19214
19223
19224
19237
19242
19253
19267
19275
19291
19313
19317
19350
19351
19358
19362
19365
19367
19371
19392
19435
19455
19458
19460
19470
19475
19489
19538
19540
19541
19557
19566
19570
19582
19591
19593
19595
19600
19603
19605
19618
19650
19662
19665
19685
19692
19705
19711
19716
19720
19725
19756
19763
19777
19783
19790
19792
19807
19826
19835
19864
19877
19879
19889
19906
19911
19928
19931
19932
19948
19951
19981
19988
20014
20015
20020
20024
20025
20035
20037
20062
20068
20079
20089
20102
20106
20107
20116
20127
20133
20157
20191
20198
20204
20217
20261
20269
20271
20300
20315
20328
20336
20339
20350
20352
20363
20364
20372
20387
20405
20408
20412
20419
20472
20491
20507
20511
20516
20521
20524
20535
20539
20545
20559
20560
20578
20580
20592
20607
20614
20618
20621
20630
20639
20640
20648
20657
20660
20666
20690
20709
20712
20722
20725
20732
20743
20753
20758
20771
20774
20785
20807
20812
20819
20823
20858
20859
20873
20876
20880
20889
20904
20905
20906
20919
20923
20938
20945
20954
20966
20968
20973
20975
20986
21045
21046
21048
21065
21085
21089
21104
21105
21106
21110
21118
21120
21125
21146
21161
21177
21183
21188
21189
21190
21211
21212
21231
21249
21280
21282
21286
21295
21310
21312
21315
21375
21383
21384
21389
21395
21399
21406
21408
21421
21432
21457
21467
21475
21486
21494
21520
21529
21549
21556
21569
21578
21589
21593
21613
21649
21650
21656
21659
21663
21688
21694
21705
21708
21711
21723
21730
21733
21778
21785
21805
21825
21826
21851
21855
21863
21868
21896
21913
21925
21926
21943
21962
21965
22001
22039
22054
22059
22060
22079
22099
22118
22119
22123
22136
22141
22150
22151
22163
22166
22175
22201
22241
22261
22266
22274
22281
22286
22289
22290
22292
22308
22309
22320
22324
22365
22389
22421
22438
22439
22469
22483
22484
22494
22499
22507
22526
22532
22543
22551
22557
22568
22585
22591
22604
22617
22623
22653
22682
22685
22703
22724
22745
22755
22760
22773
22784
22808
22810
22813
22837
22849
22853
22873
22893
22913
22919
22923
22924
22934
22965
22966
22976
23004
23008
23015
23035
23048
23052
23063
23064
23071
23077
23078
23081
23086
23091
23092
23109
23112
23129
23143
23147
23161
23163
23180
23184
23190
23193
23205
23215
23232
23243
23253
23263
23282
23288
23296
23300
23316
23328
23347
23350
23368
23376
23383
23391
23398
23400
23405
23408
23414
23422
23426
23428
23436
23437
23440
23448
23456
23458
23461
23466
23509
23510
23522
23524
23537
23553
23560
23562
23573
23582
23591
23602
23605
23631
23637
23639
23650
23659
23669
23674
23680
23702
23717
23729
23737
23750
23768
23769
23789
23804
23805
23817
23831
23833
23843
23848
23865
23890
23899
23930
23935
23948
23964
23966
23967
23987
24000
24002
24007
24026
24027
24046
24048
24051
24065
24073
24101
24108
24110
24112
24123
24130
24134
24137
24147
24150
24160
24167
24187
24190
24223
24234
24240
24241
24256
24261
24297
24301
24309
24311
24312
24344
24349
24359
24370
24396
24404
24410
24416
24422
24457
24460
24479
24498
24521
24533
24534
24558
24562
24578
24586
24587
24589
24598
24600
24641
24646
24654
24657
24658
24664
24677
24679
24686
24691
24720
24740
24757
24760
24768
24769
24791
24806
24823
24826
24829
24831
24845
24852
24857
24875
24889
24909
24925
24926
24937
24950
24953
24954
24959
24979
24981
25008
25012
25015
25016
25018
25043
25072
25074
25081
25097
25117
25120
25131
25132
25143
25146
25149
25179
25186
25195
25205
25207
25213
25228
25232
25236
25250
25251
25254
25256
25262
25275
25276
25301
25320
25321
25326
25341
25360
25362
25365
25379
25387
25388
25400
25415
25418
25429
25445
25455
25464
25477
25482
25486
25495
25514
25527
25544
25545
25546
25556
25563
25568
25582
25583
25587
25592
25607
25620
25647
25657
25661
25674
25686
25692
25709
25710
25715
25731
25736
25741
25763
25766
25776
25796
25799
25819
25835
25843
25849
25851
25859
25870
25873
25879
25890
25947
25951
25968
25975
25976
25984
25986
25988
26003
26022
26023
26028
26036
26043
26061
26078
26079
26085
26090
26100
26115
26122
26135
26136
26138
26145
26147
26153
26200
26203
26231
26244
26248
26257
26273
26289
26294
26327
26351
26362
26373
26379
26385
26397
26414
26443
26471
26474
26491
26496
26515
26519
26520
26523
26532
26543
26557
26569
26580
26583
26605
26611
26616
26628
26660
26661
26664
26666
26672
26681
26701
26708
26719
26720
26737
26743
26760
26762
26773
26776
26786
26791
26804
26805
26807
26813
26852
26865
26893
26908
26919
26935
26936
26947
26948
26952
26953
26971
26987
26996
27008
27017
27024
27027
27029
27030
27045
27048
27051
27072
27076
27085
27096
27105
27106
27118
27121
27126
27146
27147
27177
27185
27195
27197
27210
27236
27241
27251
27269
27278
27286
27293
27294
27299
27312
27323
27324
27348
27358
27359
27372
27381
27386
27399
27418
27425
27447
27459
27469
27488
27493
27508
27513
27524
27545
27562
27563
27568
27579
27596
27599
27606
27608
27613
27616
27636
27646
27650
27678
27687
27729
27733
27740
27762
27798
27819
27849
27851
27889
27891
27892
27907
27910
27916
27918
27927
27947
27958
27964
27972
27973
27974
27994
27995
27998
27999
28003
28010
28023
28033
28042
28045
28054
28065
28093
28136
28144
28147
28181
28182
28188
28198
28206
28226
28233
28241
28247
28297
28301
28306
28307
28338
28341
28342
28348
28351
28352
28364
28381
28390
28401
28419
28432
28433
28470
28474
28475
28480
28483
28490
28495
28498
28503
28506
28511
28526
28539
28581
28587
28595
28623
28643
28648
28662
28663
28664
28682
28687
28694
28699
28710
28712
28719
28726
28729
28739
28742
28749
28751
28766
28779
28782
28785
28788
28802
28813
28851
28856
28871
28884
28887
28891
28892
28902
28903
28915
28931
28935
28940
28959
28962
28987
28989
28999
29016
29022
29026
29053
29070
29082
29090
29092
29095
29116
29118
29126
29131
29132
29139
29142
29145
29162
29164
29172
29178
29179
29183
29189
29192
29194
29198
29208
29223
29229
29254
29259
29276
29279
29280
29299
29303
29306
29319
29335
29342
29360
29365
29381
29387
29393
29402
29417
29422
29431
29493
29494
29511
29531
29535
29545
29563
29576
29589
29596
29601
29604
29618
29627
29629
29634
29656
29665
29678
29680
29691
29700
29702
29711
29722
29729
29745
29751
29753
29777
29780
29782
29798
29829
29831
29858
29863
29877
29886
29921
29933
29945
29965
29979
29988
29989
29995
30013
30019
30026
30029
30038
30050
30067
30092
30098
30111
30116
30147
30162
30172
30173
30185
30203
30219
30235
30236
30239
30242
30247
30248
30267
30268
30318
30322
30324
30325
30330
30347
30374
30383
30397
30401
30407
30412
30415
30416
30418
30435
30450
30451
30460
30467
30478
30494
30510
30516
30519
30521
30523
30525
30527
30539
30543
30545
30546
30559
30568
30581
30584
30601
30621
30631
30635
30654
30656
30661
30688
30703
30732
30738
30743
30771
30775
30777
30781
30785
30803
30806
30823
30843
30844
30862
30867
30870
30874
30892
30914
30919
30937
30964
30967
30985
30994
30999
31014
31023
31030
31034
31035
31039
31060
31075
31080
31087
31091
31103
31119
31124
31135
31139
31162
31168
31182
31191
31205
31206
31236
31248
31259
31260
31273
31292
31293
31298
31306
31308
31313
31329
31333
31334
31355
31380
31390
31399
31414
31440
31441
31444
31461
31468
31474
31479
31486
31507
31525
31528
31530
31540
31569
31591
31599
31600
31607
31611
31622
31630
31655
31656
31673
31704
31706
31710
31721
31726
31732
31738
31749
31758
31760
31765
31770
31781
31800
31801
31810
31816
31832
31845
31847
31851
31880
31881
31889
31906
31915
31938
31959
31968
31972
31985
32000
32011
32012
32018
32030
32046
32061
32072
32073
32076
32078
32093
32102
32103
32105
32110
32116
32127
32147
32161
32166
32175
32181
32199
32206
32218
32225
32226
32244
32253
32259
32261
32270
32279
32285
32300
32309
32329
32349
32352
32355
32375
32389
32390
32400
32404
32407
32426
32452
32453
32456
32467
32468
32471
32473
32478
32480
32502
32503
32509
32516
32544
32553
32573
32591
32596
32607
32615
32617
32622
32636
32638
32639
32641
32667
32712
32717
32722
32733
32735
32742
32747
32760
32766
32770
32774
32784
32796
32805
32806
32837
32864
32874
32884
32907
32919
32926
32935
32936
32948
32962
32965
32968
32971
32982
32995
33018
33019
33026
33036
33038
33039
33059
33072
33074
33089
33097
33101
33150
33151
33152
33162
33179
33181
33193
33198
33201
33202
33205
33251
33270
33273
33278
33289
33309
33323
33325
33337
33338
33382
33386
33387
33388
33419
33424
33439
33447
33451
33452
33453
33460
33476
33481
33490
33514
33517
33519
33533
33539
33546
33557
33569
33570
33579
33611
33621
33631
33636
33664
33668
33678
33719
33755
33765
33766
33770
33771
33777
33778
33780
33801
33802
33810
33813
33820
33827
33839
33883
33890
33893
33895
33898
33946
33956
33959
33979
33997
34001
34011
34020
34029
34030
34034
34040
34042
34061
34068
34075
34098
34107
34108
34150
34151
34154
34165
34193
34194
34209
34212
34225
34236
34243
34257
34286
34297
34304
34311
34312
34313
34319
34320
34322
34328
34372
34375
34376
34382
34397
34414
34417
34422
34437
34452
34455
34460
34469
34500
34510
34524
34533
34534
34540
34554
34563
34565
34567
34574
34575
34577
34594
34635
34649
34663
34669
34678
34691
34696
34707
34719
34722
34734
34738
34758
34763
34766
34770
34779
34785
34787
34794
34804
34813
34814
34819
34820
34842
34863
34870
34872
34883
34900
34901
34910
34912
34921
34929
34933
34946
34966
34968
34974
34978
34979
34986
35005
35007
35017
35018
35021
35025
35036
35038
35042
35044
35061
35072
35083
35088
35096
35103
35120
35123
35129
35145
35193
35230
35232
35237
35242
35246
35251
35253
35264
35265
35295
35300
35307
35308
35309
35323
35338
35339
35353
35364
35365
35375
35383
35398
35428
35438
35460
35467
35471
35477
35484
35501
35521
35526
35541
35547
35559
35561
35569
35576
35577
35589
35591
35604
35617
35619
35629
35704
35706
35713
35730
35733
35751
35762
35764
35767
35772
35776
35783
35788
35809
35841
35843
35847
35848
35916
35921
35924
35928
35932
35939
35940
35950
35958
35967
35981
35983
35987
35997
36008
36010
36020
36034
36054
36066
36096
36099
36114
36121
36137
36159
36179
36182
36192
36199
36210
36219
36221
36224
36233
36250
36270
36275
36299
36300
36320
36323
36325
36347
36367
36386
36387
36413
36429
36445
36473
36478
36489
36492
36503
36529
36541
36565
36576
36582
36585
36598
36605
36610
36622
36627
36635
36648
36651
36652
36656
36672
36677
36681
36696
36708
36710
36727
36745
36747
36751
36752
36754
36770
36776
36785
36816
36820
36825
36828
36834
36845
36854
36861
36865
36870
36878
36891
36913
36915
36927
36944
36959
36974
36983
36986
37005
37030
37032
37039
37051
37075
37078
37094
37095
37096
37106
37109
37122
37125
37129
37130
37149
37152
37170
37178
37184
37185
37198
37202
37219
37240
37253
37255
37263
37267
37278
37281
37299
37312
37316
37319
37324
37325
37329
37342
37344
37363
37396
37398
37406
37417
37428
37431
37434
37436
37444
37456
37458
37459
37460
37473
37479
37483
37488
37493
37512
37522
37527
37539
37595
37600
37605
37608
37617
37620
37628
37644
37672
37685
37695
37701
37704
37709
37710
37715
37720
37721
37735
37755
37768
37771
37774
37776
37778
37783
37808
37810
37813
37857
37868
37870
37885
37891
37909
37910
37924
37933
37949
37952
37956
37962
37979
38000
38014
38044
38063
38065
38067
38069
38074
38085
38092
38112
38119
38135
38136
38142
38146
38151
38158
38237
38249
38251
38267
38271
38273
38309
38324
38331
38351
38382
38386
38387
38391
38397
38405
38418
38420
38423
38434
38442
38452
38453
38476
38489
38510
38539
38544
38566
38581
38587
38588
38589
38596
38606
38613
38623
38638
38641
38685
38702
38725
38734
38742
38745
38765
38778
38791
38799
38805
38807
38832
38841
38842
38844
38849
38858
38863
38866
38870
38878
38912
38942
38945
38948
38956
38967
38971
38977
38979
38987
39001
39005
39011
39035
39068
39070
39071
39091
39092
39094
39104
39109
39131
39135
39141
39142
39144
39149
39167
39178
39187
39191
39201
39219
39238
39242
39264
39266
39277
39291
39307
39308
39315
39322
39344
39350
39355
39373
39378
39382
39389
39391
39395
39419
39432
39438
39442
39450
39456
39478
39479
39499
39519
39530
39547
39559
39575
39585
39596
39599
39602
39604
39608
39609
39611
39647
39653
39658
39662
39668
39693
39731
39751
39756
39764
39771
39778
39779
39793
39806
39827
39832
39841
39864
39865
39872
39873
39876
39882
39902
39915
39922
39926
39938
39948
39951
39971
39991
39994
39995
40011
40012
40016
40022
40031
40048
40064
40083
40089
40092
40106
40110
40111
40131
40134
40138
40146
40149
40158
40192
40195
40213
40233
40245
40252
40259
40261
40265
40274
40275
40295
40296
40306
40324
40339
40364
40381
40398
40403
40408
40410
40417
40437
40453
40466
40467
40472
40488
40503
40547
40549
40553
40558
40571
40579
40595
40626
40629
40645
40646
40652
40665
40673
40687
40689
40697
40698
40706
40708
40715
40726
40727
40737
40750
40758
40767
40777
40787
40792
40808
40814
40852
40856
40875
40882
40893
40928
40935
40939
40942
40945
40953
40957
40960
40981
40998
41013
41017
41034
41035
41046
41057
41064
41078
41092
41106
41115
41118
41124
41130
41132
41133
41153
41154
41175
41180
41183
41200
41203
41218
41231
41235
41253
41271
41304
41327
41347
41359
41363
41393
41394
41396
41416
41431
41441
41463
41464
41468
41481
41495
41504
41505
41529
41544
41550
41560
41564
41575
41578
41592
41598
41611
41621
41622
41652
41663
41679
41699
41705
41709
41712
41718
41751
41758
41764
41801
41831
41853
41866
41873
41882
41893
41901
41931
41935
41947
41952
41973
41992
41996
42003
42006
42009
42029
42034
42051
42060
42076
42079
42096
42104
42107
42112
42127
42130
42147
42155
42196
42208
42218
42226
42229
42238
42241
42259
42266
42291
42297
42299
42313
42314
42331
42347
42364
42365
42383
42384
42388
42397
42408
42417
42442
42453
42467
42470
42473
42478
42479
42495
42504
42515
42533
42540
42575
42576
42580
42595
42615
42617
42624
42635
42656
42661
42662
42665
42679
42682
42688
42691
42699
42704
42706
42712
42724
42736
42737
42749
42778
42813
42820
42832
42833
42868
42872
42873
42878
42880
42900
42920
42923
42941
42944
42961
42979
42987
42988
42990
42998
43004
43008
43018
43042
43051
43060
43062
43069
43072
43091
43096
43097
43099
43109
43110
43121
43145
43165
43181
43182
43194
43201
43203
43215
43226
43234
43242
43250
43268
43271
43290
43299
43306
43321
43322
43329
43333
43334
43335
43342
43363
43372
43383
43388
43403
43410
43447
43455
43464
43501
43504
43511
43515
43519
43522
43524
43525
43532
43534
43538
43548
43558
43559
43579
43580
43588
43606
43609
43629
43647
43656
43687
43690
43692
43695
43698
43724
43731
43741
43745
43749
43754
43755
43787
43788
43793
43823
43824
43828
43843
43846
43848
43861
43876
43880
43894
43900
43901
43907
43909
43921
43930
43938
43944
43945
43953
43958
43968
43986
43993
44002
44007
44024
44041
44056
44061
44069
44072
44087
44115
44118
44122
44123
44144
44163
44171
44172
44173
44176
44180
44196
44200
44202
44203
44206
44221
44241
44259
44267
44270
44272
44286
44289
44299
44308
44310
44320
44321
44343
44360
44391
44427
44433
44436
44437
44442
44458
44467
44484
44487
44507
44514
44527
44532
44568
44576
44579
44597
44604
44615
44616
44624
44631
44638
44652
44654
44659
44676
44683
44686
44695
44699
44702
44714
44719
44739
44748
44759
44775
44789
44806
44812
44833
44834
44839
44861
44866
44874
44875
44880
44913
44918
44929
44944
44945
44961
44968
44974
44980
44997
45016
45019
45026
45027
45050
45056
45057
45082
45098
45103
45106
45109
45110
45116
45117
45122
45156
45161
45168
45181
45194
45199
45202
45207
45208
45223
45245
45249
45270
45286
45293
45298
45311
45313
45317
45326
45351
45356
45379
45399
45413
45416
45427
45454
45458
45463
45481
45493
45520
45529
45553
45573
45576
45585
45595
45639
45646
45647
45649
45653
45660
45673
45678
45679
45684
45692
45706
45710
45717
45737
45738
45746
45765
45772
45798
45802
45813
45831
45842
45849
45859
45866
45874
45877
45882
45884
45891
45896
45898
45913
45918
45923
45938
45948
45954
45956
45968
45971
45976
45985
45988
46018
46025
46034
46063
46080
46099
46110
46118
46121
46135
46154
46175
46191
46200
46216
46222
46223
46226
46231
46233
46237
46252
46258
46270
46285
46299
46313
46320
46330
46337
46338
46346
46348
46368
46380
46387
46395
46396
46397
46399
46405
46428
46450
46475
46478
46495
46502
46504
46505
46508
46519
46527
46528
46573
46584
46614
46616
46629
46631
46633
46647
46649
46650
46657
46658
46699
46719
46730
46738
46739
46753
46756
46758
46764
46767
46776
46789
46791
46793
46794
46816
46817
46827
46864
46872
46876
46883
46897
46904
46927
46942
46959
46969
46982
46988
46998
47008
47013
47030
47034
47038
47051
47052
47053
47057
47066
47074
47076
47080
47085
47093
47099
47100
47111
47116
47122
47136
47144
47151
47152
47154
47163
47176
47183
47188
47201
47212
47218
47274
47283
47295
47297
47298
47304
47309
47312
47315
47317
47322
47328
47331
47359
47387
47392
47401
47420
47421
47425
47438
47462
47463
47478
47484
47498
47505
47506
47512
47525
47538
47546
47548
47549
47550
47563
47567
47577
47582
47597
47615
47632
47634
47635
47648
47656
47660
47675
47719
47723
47726
47728
47730
47747
47748
47753
47765
47811
47831
47851
47857
47861
47882
47886
47888
47892
47896
47903
47926
47936
47942
47948
47959
47964
47967
47989
48002
48003
48007
48011
48021
48028
48037
48055
48060
48062
48075
48081
48092
48101
48104
48106
48110
48115
48138
48140
48149
48150
48155
48160
48162
48192
48203
48204
48206
48223
48243
48256
48280
48285
48289
48296
48309
48312
48329
48331
48339
48351
48372
48375
48382
48394
48406
48407
48428
48455
48472
48475
48494
48495
48503
48509
48528
48540
48544
48552
48555
48559
48560
48571
48588
48617
48652
48655
48657
48658
48668
48684
48688
48693
48704
48711
48723
48726
48734
48737
48739
48743
48752
48753
48756
48773
48796
48824
48828
48842
48855
48875
48891
48906
48925
48967
48973
48997
49016
49033
49044
49046
49051
49052
49064
49073
49088
49095
49114
49126
49129
49165
49170
49176
49201
49215
49217
49225
49238
49250
49259
49266
49276
49279
49290
49295
49302
49303
49323
49332
49366
49377
49400
49407
49414
49422
49438
49439
49453
49457
49465
49487
49493
49496
49502
49509
49522
49525
49532
49543
49545
49548
49563
49572
49578
49579
49617
49618
49620
49630
49634
49637
49660
49661
49677
49701
49704
49715
49724
49744
49751
49756
49766
49803
49804
49808
49822
49824
49830
49831
49851
49869
49887
49901
49947
49963
49990
49997
49999
50001
50008
50013
50015
50035
50040
50044
50048
50054
50074
50077
50097
50106
50112
50114
50116
50117
50133
50170
50171
50172
50176
50178
50179
50180
50191
50198
50231
50238
50246
50258
50268
50272
50274
50277
50283
50302
50306
50307
50327
50342
50346
50347
50363
50393
50394
50410
50413
50421
50429
50442
50448
50459
50499
50505
50512
50513
50514
50524
50530
50532
50535
50548
50552
50555
50571
50596
50597
50604
50607
50625
50626
50634
50639
50651
50660
50687
50692
50702
50707
50711
50714
50715
50738
50740
50745
50762
50765
50785
50790
50791
50821
50860
50861
50869
50871
50873
50883
50886
50900
50902
50925
50945
50965
50970
50988
50996
51007
51008
51009
51013
51014
51053
51058
51078
51087
51094
51104
51105
51128
51134
51143
51158
51160
51163
51164
51172
51183
51184
51189
51207
51208
51218
51223
51224
51242
51243
51244
51266
51272
51291
51302
51307
51313
51315
51324
51326
51330
51341
51347
51391
51394
51411
51412
51414
51424
51431
51437
51440
51450
51459
51467
51484
51487
51488
51501
51504
51510
51513
51565
51576
51588
51601
51611
51612
51615
51645
51656
51665
51668
51670
51705
51709
51715
51720
51725
51732
51746
51747
51754
51769
51773
51785
51803
51830
51841
51846
51850
51861
51864
51878
51880
51881
51891
51897
51899
51904
51906
51907
51933
51943
51948
51954
51964
51968
51969
52012
52033
52037
52044
52050
52067
52070
52072
52080
52090
52091
52115
52157
52159
52171
52201
52218
52219
52237
52241
52250
52280
52283
52285
52290
52292
52296
52303
52306
52329
52349
52352
52389
52390
52398
52401
52425
52430
52445
52465
52468
52469
52483
52485
52493
52496
52511
52523
52533
52536
52567
52573
52583
52592
52612
52632
52662
52671
52689
52699
52711
52719
52722
52733
52746
52764
52775
52783
52808
52830
52848
52860
52862
52863
52881
52884
52890
52892
52900
52901
52905
52913
52932
52933
52944
52950
52954
52968
52980
52983
53002
53006
53011
53028
53036
53043
53061
53064
53065
53071
53079
53082
53090
53092
53099
53110
53112
53115
53128
53131
53133
53150
53155
53161
53170
53181
53184
53186
53191
53203
53208
53235
53236
53240
53248
53271
53281
53285
53286
53294
53312
53315
53335
53400
53417
53420
53440
53445
53462
53464
53485
53486
53506
53508
53513
53517
53520
53556
53569
53574
53580
53605
53636
53640
53648
53651
53653
53659
53660
53663
53672
53681
53686
53701
53721
53728
53730
53737
53743
53745
53756
53765
53774
53782
53786
53806
53809
53811
53817
53848
53854
53860
53864
53865
53872
53885
53906
53913
53933
53952
53953
53970
53979
53996
53997
53999
54006
54030
54034
54040
54047
54054
54056
54082
54093
54117
54120
54132
54136
54137
54157
54162
54163
54178
54180
54185
54190
54192
54195
54198
54216
54217
54226
54231
54243
54268
54280
54295
54308
54327
54336
54337
54341
54344
54346
54352
54362
54367
54387
54394
54407
54423
54437
54450
54463
54469
54471
54488
54492
54495
54498
54505
54550
54554
54564
54569
54585
54590
54593
54594
54596
54612
54624
54625
54626
54636
54645
54654
54656
54665
54684
54701
54705
54712
54725
54726
54741
54747
54749
54757
54787
54821
54842
54846
54870
54884
54889
54896
54909
54916
54919
54920
54926
54935
54950
54954
54958
54986
54990
55002
55015
55020
55022
55026
55043
55061
55081
55107
55118
55122
55128
55132
55145
55146
55153
55156
55163
55165
55182
55192
55211
55218
55221
55234
55241
55250
55256
55263
55264
55268
55269
55272
55284
55293
55311
55330
55331
55357
55368
55392
55395
55405
55407
55430
55436
55438
55445
55451
55462
55471
55491
55497
55519
55530
55534
55537
55555
55557
55578
55581
55586
55604
55606
55610
55611
55614
55618
55619
55620
55623
55632
55650
55674
55683
55695
55696
55697
55706
55733
55741
55761
55762
55764
55766
55772
55781
55790
55801
55807
55811
55852
55853
55868
55880
55929
55940
55946
55959
55968
55973
55979
55989
56001
56004
56019
56026
56039
56056
56068
56070
56082
56085
56091
56093
56097
56126
56141
56145
56151
56170
56180
56193
56194
56235
56250
56254
56255
56284
56286
56290
56295
56296
56299
56307
56313
56315
56322
56357
56369
56378
56386
56387
56396
56402
56409
56412
56428
56430
56447
56485
56502
56505
56523
56525
56536
56544
56557
56560
56593
56594
56600
56613
56617
56623
56628
56636
56647
56667
56672
56685
56710
56716
56731
56751
56771
56842
56858
56866
56867
56872
56874
56879
56881
56887
56889
56891
56894
56907
56911
56913
56952
56956
56959
56976
56978
56985
57001
57019
57021
57030
57031
57038
57042
57045
57054
57060
57062
57070
57077
57080
57084
57087
57090
57093
57108
57116
57118
57121
57133
57164
57174
57179
57189
57200
57210
57212
57216
57217
57237
57238
57244
57257
57263
57276
57277
57304
57315
57316
57318
57324
57329
57332
57335
57348
57352
57355
57379
57392
57404
57411
57425
57434
57447
57450
57467
57481
57484
57493
57501
57513
57515
57532
57561
57562
57580
57596
57602
57611
57616
57617
57618
57640
57648
57655
57664
57665
57666
57668
57678
57696
57697
57701
57731
57736
57737
57741
57745
57767
57772
57773
57800
57826
57832
57869
57870
57898
57901
57918
57922
57955
57984
57988
57993
58011
58020
58024
58028
58031
58046
58058
58070
58100
58107
58122
58131
58138
58150
58156
58158
58168
58178
58186
58195
58199
58201
58220
58232
58233
58239
58273
58283
58293
58296
58302
58305
58326
58334
58358
58371
58374
58384
58394
58405
58424
58445
58446
58448
58464
58467
58475
58498
58508
58518
58543
58552
58556
58573
58593
58595
58607
58615
58625
58636
58643
58657
58666
58674
58679
58693
58709
58716
58734
58736
58748
58752
58762
58776
58777
58779
58787
58817
58827
58837
58849
58856
58860
58880
58888
58893
58905
58915
58933
58942
58951
58960
58969
58990
58993
58996
59013
59015
59018
59034
59049
59057
59067
59072
59086
59090
59097
59101
59123
59128
59129
59163
59173
59183
59215
59220
59224
59235
59260
59265
59270
59274
59277
59280
59286
59294
59303
59309
59340
59343
59361
59380
59393
59395
59399
59402
59403
59423
59429
59438
59447
59466
59485
59495
59505
59511
59542
59544
59565
59568
59581
59593
59603
59612
59622
59627
59636
59648
59649
59663
59666
59685
59711
59718
59729
59751
59763
59764
59793
59803
59813
59834
59837
59838
59844
59861
59865
59884
59909
59916
59926
59936
59946
59949
59950
59962
59967
59989
59995
59999
