13
18
32
36
39
62
66
73
83
90
93
106
126
129
147
151
155
165
186
204
218
221
238
241
256
261
274
286
299
302
311
323
331
367
388
395
401
421
430
431
449
465
488
494
498
506
534
536
547
565
578
592
597
598
607
623
630
649
658
660
665
672
681
701
721
735
737
739
759
762
770
785
794
802
810
816
829
841
846
852
881
892
901
910
922
939
944
955
958
973
977
986
996
999
1020
1041
1070
1091
1092
1100
1113
1117
1136
1139
1146
1159
1182
1184
1189
1190
1202
1204
1224
1228
1240
1257
1266
1269
1297
1303
1309
1318
1323
1327
1337
1350
1358
1366
1389
1393
1398
1414
1415
1418
1424
1435
1456
1466
1488
1493
1494
1503
1504
1506
1515
1520
1536
1538
1540
1553
1557
1562
1567
1582
1617
1637
1642
1669
1671
1686
1688
1694
1706
1707
1708
1726
1731
1741
1750
1761
1768
1779
1781
1782
1784
1792
1801
1802
1830
1835
1844
1849
1866
1869
1886
1889
1890
1892
1898
1902
1906
1917
1918
1931
1951
1957
1980
1985
1986
1990
2005
2020
2025
2035
2044
2059
2061
2062
2093
2096
2113
2126
2138
2148
2152
2153
2156
2158
2163
2167
2178
2196
2212
2214
2226
2239
2242
2249
2259
2262
2291
2293
2295
2296
2300
2311
2320
2324
2345
2365
2372
2387
2397
2422
2459
2470
2474
2479
2480
2486
2487
2494
2496
2498
2504
2516
2519
2523
2533
2545
2556
2570
2573
2588
2590
2602
2607
2614
2631
2635
2637
2638
2644
2656
2657
2662
2680
2710
2723
2741
2756
2757
2777
2785
2789
2822
2828
2836
2837
2849
2850
2862
2863
2880
2884
2898
2910
2913
2923
2925
2930
2947
2954
2967
2978
2992
3036
3043
3046
3050
3053
3058
3089
3096
3097
3098
3109
3115
3123
3127
3136
3139
3172
3187
3207
3221
3229
3245
3268
3287
3288
3294
3297
3325
3327
3330
3335
3363
3364
3366
3387
3392
3403
3421
3445
3449
3451
3454
3474
3485
3520
3524
3530
3537
3543
3559
3572
3577
3586
3597
3615
3623
3629
3646
3650
3654
3671
3700
3706
3717
3726
3736
3749
3757
3764
3767
3772
3774
3779
3789
3794
3808
3814
3820
3821
3841
3856
3858
3861
3869
3873
3908
3910
3919
3932
3936
3939
3947
3950
3952
3960
3985
3993
3994
3999
4018
4030
4039
4054
4059
4072
4078
4079
4087
4090
4110
4112
4143
4150
4155
4170
4188
4198
4210
4214
4221
4231
4232
4243
4249
4251
4268
4301
4314
4337
4349
4360
4364
4365
4367
4392
4402
4404
4408
4426
4430
4431
4463
4477
4497
4517
4520
4526
4531
4533
4536
4546
4560
4572
4586
4587
4605
4612
4620
4631
4635
4640
4660
4673
4683
4699
4702
4709
4712
4724
4732
4741
4765
4770
4778
4800
4817
4818
4827
4828
4841
4857
4867
4871
4882
4886
4905
4910
4922
4923
4930
4934
4943
4963
4980
4990
5003
5018
5021
5026
5037
5039
5040
5070
5071
5084
5098
5099
5121
5126
5141
5145
5159
5179
5213
5218
5222
5226
5230
5231
5260
5267
5273
5274
5279
5290
5294
5310
5311
5329
5334
5364
5365
5374
5384
5385
5405
5413
5419
5451
5466
5485
5486
5495
5517
5524
5553
5554
5556
5561
5566
5576
5586
5587
5593
5600
5619
5629
5632
5634
5654
5671
5682
5684
5686
5693
5709
5721
5739
5750
5759
5766
5772
5774
5780
5782
5802
5804
5810
5826
5832
5837
5846
5848
5849
5861
5877
5879
5889
5910
5913
5920
5931
5935
5948
5951
5956
5962
5973
5990
5993
5996
5998
6000
6013
6024
6029
6031
6047
6085
6090
6102
6119
6131
6139
6150
6157
6159
6178
6194
6201
6219
6236
6239
6246
6257
6265
6266
6267
6281
6313
6338
6343
6355
6373
6387
6388
6392
6393
6396
6402
6433
6452
6453
6456
6464
6473
6474
6482
6486
6509
6517
6526
6541
6548
6551
6553
6562
6567
6571
6572
6574
6578
6581
6602
6631
6635
6638
6657
6670
6673
6690
6692
6693
6705
6720
6721
6726
6727
6732
6742
6767
6789
6796
6799
6800
6807
6828
6837
6854
6869
6874
6876
6895
6903
6907
6909
6927
6930
6954
6963
6971
6975
6982
7008
7015
7049
7063
7064
7086
7095
7096
7102
7104
7109
7111
7126
7163
7179
7195
7202
7206
7212
7220
7224
7230
7268
7273
7289
7291
7294
7298
7341
7342
7361
7379
7385
7389
7398
7401
7434
7452
7456
7460
7490
7493
7503
7504
7516
7522
7543
7544
7549
7559
7562
7564
7571
7577
7580
7581
7593
7598
7641
7661
7662
7684
7700
7711
7715
7717
7718
7724
7741
7744
7759
7785
7815
7829
7847
7867
7868
7880
7887
7901
7926
7937
7957
7968
7970
7972
7990
7991
7997
8001
8004
8009
8034
8042
8057
8064
8071
8072
8074
8076
8091
8100
8105
8121
8140
8145
8146
8149
8150
8151
8153
8191
8206
8224
8225
8265
8282
8290
8305
8311
8312
8314
8326
8328
8336
8347
8352
8357
8367
8376
8384
8398
8407
8410
8417
8420
8454
8461
8462
8478
8481
8488
8497
8500
8523
8526
8532
8546
8561
8577
8590
8621
8627
8628
8636
8638
8658
8667
8683
8685
8688
8692
8697
8715
8720
8726
8733
8770
8774
8777
8792
8797
8799
8807
8814
8817
8820
8822
8826
8829
8846
8848
8850
8860
8862
8868
8870
8871
8881
8898
8908
8911
8929
8940
8942
8947
8974
8981
8994
9000
9010
9015
9016
9024
9042
9049
9058
9063
9068
9075
9090
9094
9095
9113
9120
9123
9126
9144
9156
9174
9177
9187
9201
9202
9206
9210
9217
9233
9237
9239
9244
9254
9262
9280
9281
9295
9305
9316
9325
9338
9341
9379
9389
9405
9409
9417
9421
9438
9446
9460
9468
9475
9486
9497
9500
9512
9517
9526
9533
9534
9556
9574
9576
9577
9580
9593
9596
9619
9629
9635
9645
9649
9659
9662
9692
9700
9702
9719
9723
9745
9760
9765
9785
9798
9802
9808
9813
9816
9818
9828
9860
9863
9872
9892
9909
9917
9921
9926
9928
9929
9943
9946
9961
9967
9997
10017
10032
10036
10037
10044
10053
10076
10089
10101
10108
10135
10149
10163
10164
10174
10190
10213
10218
10224
10229
10234
10246
10270
10271
10273
10275
10289
10294
10298
10299
10304
10307
10332
10335
10344
10355
10356
10375
10383
10418
10419
10435
10440
10442
10452
10463
10473
10475
10481
10484
10503
10512
10532
10534
10540
10550
10552
10553
10557
10591
10600
10617
10630
10650
10654
10671
10672
10697
10698
10709
10725
10729
10731
10748
10754
10767
10774
10786
10790
10792
10793
10813
10816
10833
10836
10843
10851
10853
10855
10879
10910
10913
10917
10925
10930
10950
10956
10968
10976
10979
10980
10991
10996
11000
11038
11048
11062
11065
11098
11100
11117
11128
11132
11140
11158
11173
11174
11183
11189
11195
11218
11226
11253
11261
11263
11277
11282
11289
11307
11316
11327
11336
11347
11348
11357
11363
11386
11390
11401
11411
11427
11448
11461
11466
11479
11483
11487
11490
11497
11530
11551
11571
11589
11592
11610
11635
11673
11678
11680
11684
11691
11697
11699
11723
11730
11731
11759
11769
11784
11787
11800
11803
11819
11828
11832
11849
11866
11870
11871
11875
11878
11892
11905
11915
11927
11932
11941
11952
11959
11964
11972
11976
11985
11996
12002
12005
12023
12047
12068
12088
12090
12101
12104
12114
12147
12155
12159
12167
12170
12177
12191
12199
12201
12216
12220
12231
12251
12258
12262
12270
12271
12283
12290
12319
12340
12354
12359
12393
12401
12402
12410
12411
12423
12433
12448
12450
12452
12462
12468
12469
12480
12489
12509
12518
12520
12523
12528
12541
12547
12552
12567
12596
12606
12613
12636
12640
12673
12685
12699
12715
12728
12735
12744
12758
12759
12762
12801
12810
12834
12851
12853
12855
12866
12876
12887
12902
12905
12919
12939
12959
12964
12975
12977
12980
13010
13011
13020
13035
13046
13047
13067
13084
13085
13087
13101
13133
13147
13167
13170
13172
13207
13210
13220
13224
13226
13245
13246
13261
13282
13290
13303
13306
13309
13318
13322
13349
13351
13357
13364
13373
13375
13389
13427
13431
13444
13468
13481
13493
13494
13511
13536
13546
13565
13575
13587
13593
13595
13598
13614
13621
13622
13635
13661
13671
13679
13686
13696
13702
13709
13712
13715
13731
13737
13758
13759
13760
13770
13772
13780
13809
13813
13828
13832
13838
13845
13846
13858
13860
13865
13881
13912
13927
13939
13941
13964
13970
13977
13995
13999
14031
14044
14051
14071
14072
14083
14101
14109
14129
14136
14147
14155
14159
14167
14172
14178
14186
14190
14232
14237
14248
14256
14265
14292
14300
14308
14315
14328
14330
14339
14344
14347
14372
14374
14377
14399
14400
14405
14416
14418
14421
14423
14437
14453
14473
14487
14492
14500
14524
14525
14526
14565
14570
14576
14583
14593
14604
14608
14610
14618
14632
14634
14641
14658
14660
14661
14666
14671
14676
14677
14708
14721
14731
14732
14747
14764
14768
14778
14783
14784
14801
14804
14805
14813
14848
14869
14889
14909
14910
14912
14921
14940
14952
14960
14963
14973
14989
15004
15006
15025
15032
15036
15043
15047
15051
15061
15084
15088
15114
15134
15145
15159
15166
15177
15183
15188
15190
15196
15211
15220
15234
15257
15269
15280
15287
15303
15314
15317
15320
15324
15334
15338
15348
15351
15370
15384
15386
15401
15404
15417
15419
15431
15441
15447
15448
15450
15459
15463
15478
15483
15484
15500
15526
15527
15529
15565
15591
15620
15625
15627
15634
15638
15641
15652
15672
15673
15674
15687
15706
15708
15714
15727
15733
15744
15756
15780
15788
15797
15806
15826
15831
15839
15843
15862
15870
15875
15896
15908
15914
15924
15951
15957
15960
15961
15978
15985
15995
16002
16032
16054
16056
16064
16065
16070
16077
16088
16097
16102
16118
16131
16160
16161
16167
16187
16188
16207
16245
16255
16258
16273
16297
16317
16332
16335
16346
16349
16378
16410
16425
16430
16433
16436
16452
16469
16493
16506
16507
16534
16535
16538
16550
16555
16560
16575
16583
16590
16599
16604
16616
16632
16648
16653
16666
16667
16668
16684
16695
16703
16726
16728
16736
16739
16746
16747
16766
16768
16769
16782
16786
16788
16792
16796
16821
16822
16830
16841
16847
16879
16889
16890
16891
16894
16896
16898
16933
16936
16957
16963
16976
16998
17001
17004
17008
17011
17014
17023
17034
17059
17066
17075
17079
17083
17093
17098
17120
17126
17150
17161
17164
17168
17174
17176
17199
17204
17221
17229
17249
17251
17252
17273
17284
17287
17309
17326
17332
17344
17382
17395
17396
17397
17401
17408
17416
17426
17484
17510
17524
17528
17542
17546
17556
17563
17589
17601
17616
17619
17623
17626
17636
17647
17652
17657
17670
17686
17728
17764
17773
17783
17788
17796
17814
17829
17835
17843
17852
17855
17863
17867
17874
17876
17910
17933
17953
17980
17982
17985
17996
17998
18023
18032
18033
18034
18045
18052
18058
18063
18068
18076
18085
18094
18096
18105
18125
18128
18134
18140
18144
18149
18154
18168
18177
18181
18194
18199
18220
18221
18238
18250
18262
18267
18271
18275
18292
18302
18303
18312
18328
18330
18331
18336
18344
18349
18354
18376
18381
18388
18403
18422
18428
18430
18432
18447
18459
18465
18517
18520
18525
18530
18536
18548
18555
18575
18576
18593
18605
18608
18611
18625
18652
18655
18667
18670
18672
18678
18702
18704
18716
18721
18732
18771
18772
18788
18791
18821
18838
18848
18849
18869
18903
18904
18907
18908
18911
18956
18957
18971
18982
19002
19021
19037
19040
19048
19062
19066
19095
19105
19118
19125
19134
19135
19142
19151
19155
19157
19196
19197
19206
19208
19218
19228
19272
19274
19276
19277
19290
19293
19298
19309
19316
19329
19330
19331
19332
19349
19356
19363
19382
19384
19385
19408
19426
19431
19451
19462
19464
19471
19481
19488
19496
19503
19523
19530
19532
19553
19559
19562
19563
19571
19617
19624
19627
19647
19656
19661
19678
19681
19684
19698
19701
19710
19712
19722
19723
19745
19754
19761
19762
19788
19799
19805
19828
19848
19851
19873
19881
19896
19916
19927
19946
19947
19954
19956
19960
19964
19970
19984
19986
19993
20005
20013
20057
20076
20081
20087
20104
20113
20119
20122
20124
20136
20137
20142
20148
20152
20153
20154
20156
20168
20173
20187
20221
20233
20245
20253
20272
20286
20288
20291
20317
20320
20323
20324
20343
20353
20367
20383
20401
20416
20431
20433
20469
20480
20486
20489
20494
20503
20512
20523
20541
20543
20555
20572
20596
20603
20637
20647
20656
20663
20682
20701
20704
20733
20736
20744
20745
20757
20764
20775
20781
20782
20796
20806
20808
20821
20822
20839
20855
20891
20892
20896
20916
20927
20931
20940
20948
20949
20957
20978
20984
20998
21003
21004
21008
21025
21030
21036
21041
21061
21074
21081
21084
21100
21103
21113
21117
21122
21126
21128
21180
21185
21195
21205
21214
21226
21234
21237
21239
21241
21257
21268
21290
21291
21294
21298
21311
21316
21331
21332
21337
21345
21347
21348
21349
21368
21373
21392
21404
21407
21410
21411
21418
21419
21426
21434
21452
21473
21485
21488
21538
21545
21564
21565
21585
21599
21605
21617
21667
21675
21676
21684
21696
21712
21728
21745
21752
21753
21755
21762
21763
21764
21772
21781
21801
21808
21821
21832
21838
21844
21854
21856
21860
21862
21900
21901
21912
21918
21920
21929
21934
21941
21955
21961
21967
21977
21995
22006
22009
22017
22035
22055
22068
22074
22075
22084
22091
22107
22121
22128
22142
22145
22157
22160
22178
22190
22191
22210
22212
22215
22221
22237
22240
22257
22258
22260
22277
22282
22291
22298
22323
22333
22339
22360
22383
22384
22385
22387
22422
22424
22425
22435
22448
22449
22465
22520
22550
22559
22561
22562
22592
22600
22609
22615
22616
22618
22633
22649
22654
22665
22681
22690
22693
22698
22702
22709
22716
22718
22737
22758
22763
22775
22789
22803
22806
22809
22814
22820
22830
22834
22840
22851
22869
22872
22889
22904
22908
22909
22936
22939
22940
22944
22953
22962
22969
22975
22982
22986
23019
23049
23050
23072
23073
23075
23098
23107
23110
23125
23126
23139
23148
23168
23179
23186
23195
23198
23223
23228
23233
23236
23244
23247
23251
23256
23258
23261
23284
23317
23321
23343
23346
23354
23356
23358
23363
23379
23394
23415
23416
23421
23450
23453
23465
23471
23475
23476
23485
23487
23489
23500
23533
23558
23566
23569
23577
23593
23594
23600
23622
23626
23628
23646
23653
23654
23667
23687
23688
23694
23697
23699
23706
23707
23720
23735
23742
23758
23765
23766
23774
23780
23785
23790
23830
23839
23850
23893
23898
23900
23905
23907
23915
23922
23924
23937
23949
23958
23959
23963
23983
24003
24016
24023
24030
24031
24037
24058
24074
24079
24091
24127
24146
24157
24158
24162
24165
24179
24184
24191
24201
24214
24220
24224
24237
24242
24257
24266
24277
24286
24304
24342
24363
24377
24380
24383
24385
24392
24395
24411
24423
24428
24438
24441
24453
24458
24474
24475
24486
24488
24522
24523
24526
24554
24569
24576
24577
24581
24585
24592
24609
24611
24616
24622
24638
24656
24673
24685
24687
24726
24739
24750
24753
24754
24764
24774
24779
24785
24802
24804
24827
24832
24837
24851
24871
24905
24934
24944
24945
24948
24955
24957
24963
25010
25030
25031
25035
25037
25047
25059
25068
25076
25077
25090
25098
25102
25104
25108
25113
25135
25141
25142
25165
25171
25183
25193
25204
25219
25226
25241
25270
25271
25297
25306
25316
25317
25337
25338
25340
25345
25351
25358
25368
25374
25393
25405
25422
25424
25430
25435
25462
25467
25475
25489
25499
25505
25520
25541
25559
25572
25579
25593
25599
25608
25611
25614
25636
25638
25646
25665
25673
25680
25684
25713
25730
25742
25753
25769
25770
25771
25777
25795
25798
25815
25834
25860
25889
25893
25901
25906
25908
25917
25943
25944
25959
25962
25963
25977
25992
25999
26016
26019
26032
26039
26052
26065
26071
26077
26092
26101
26107
26114
26119
26124
26126
26129
26159
26160
26168
26180
26181
26186
26227
26252
26253
26285
26299
26301
26318
26321
26342
26344
26345
26347
26372
26375
26377
26382
26384
26386
26392
26393
26394
26396
26402
26410
26418
26425
26439
26452
26453
26469
26470
26472
26482
26483
26490
26497
26498
26511
26516
26521
26524
26530
26551
26563
26576
26584
26601
26603
26606
26614
26622
26633
26641
26650
26654
26657
26670
26677
26697
26716
26723
26729
26735
26754
26759
26765
26766
26768
26777
26785
26792
26796
26810
26819
26841
26848
26874
26884
26889
26900
26912
26915
26920
26931
26934
26938
26940
26946
26955
26958
26962
26977
26983
26988
27006
27019
27021
27046
27081
27086
27090
27101
27119
27134
27149
27156
27161
27169
27175
27190
27198
27204
27208
27217
27240
27243
27244
27249
27266
27268
27275
27285
27298
27303
27306
27319
27320
27338
27339
27350
27355
27363
27369
27382
27390
27402
27404
27405
27415
27428
27438
27442
27449
27483
27491
27496
27504
27505
27523
27530
27536
27556
27559
27595
27624
27642
27653
27655
27669
27674
27682
27685
27702
27703
27704
27708
27724
27750
27757
27769
27775
27794
27796
27799
27807
27812
27833
27842
27850
27858
27887
27890
27905
27923
27934
27940
27943
27962
27965
27981
27991
27992
28001
28027
28039
28066
28070
28083
28084
28085
28104
28115
28127
28142
28143
28150
28152
28162
28163
28170
28177
28216
28222
28249
28251
28255
28281
28287
28302
28320
28326
28333
28339
28353
28377
28382
28386
28397
28400
28415
28425
28435
28438
28440
28459
28467
28496
28497
28507
28508
28548
28549
28552
28554
28572
28576
28585
28590
28591
28594
28602
28605
28616
28619
28639
28644
28659
28678
28680
28698
28702
28704
28708
28711
28721
28727
28728
28733
28741
28756
28758
28768
28776
28797
28798
28805
28807
28810
28817
28829
28830
28847
28850
28867
28870
28876
28883
28890
28898
28905
28912
28934
28943
28947
28966
28967
28975
28978
28997
29015
29020
29028
29035
29048
29079
29096
29136
29138
29140
29147
29149
29160
29163
29169
29209
29216
29217
29221
29226
29255
29272
29275
29295
29317
29327
29330
29331
29350
29362
29370
29380
29389
29392
29399
29411
29424
29437
29439
29441
29454
29455
29460
29489
29507
29526
29527
29537
29543
29548
29554
29568
29583
29597
29620
29622
29630
29639
29643
29644
29647
29682
29686
29687
29707
29725
29728
29758
29766
29768
29769
29774
29776
29793
29795
29803
29813
29832
29835
29836
29838
29843
29872
29881
29891
29917
29928
29944
29950
29966
29970
29971
29981
29987
29997
30004
30023
30024
30025
30033
30036
30045
30063
30074
30083
30106
30114
30115
30128
30139
30142
30150
30152
30157
30161
30168
30178
30182
30192
30199
30230
30232
30249
30252
30279
30289
30295
30312
30314
30332
30338
30341
30343
30345
30350
30387
30392
30421
30426
30440
30444
30454
30466
30474
30490
30507
30518
30526
30557
30563
30576
30577
30582
30597
30608
30617
30630
30632
30638
30648
30671
30680
30685
30687
30689
30715
30716
30727
30741
30744
30755
30770
30784
30788
30796
30799
30812
30818
30819
30820
30822
30839
30855
30856
30857
30873
30878
30882
30904
30911
30916
30930
30945
30950
30956
30968
30971
30989
30995
31000
31037
31040
31046
31054
31071
31104
31105
31110
31118
31143
31147
31152
31167
31175
31193
31203
31204
31208
31212
31220
31228
31231
31232
31255
31268
31270
31289
31294
31303
31339
31342
31343
31363
31368
31371
31397
31411
31437
31457
31464
31475
31481
31491
31500
31516
31521
31557
31568
31572
31577
31585
31586
31588
31606
31612
31613
31619
31620
31623
31626
31629
31645
31646
31654
31670
31672
31686
31705
31708
31714
31736
31741
31752
31754
31797
31806
31856
31859
31867
31892
31898
31903
31907
31909
31924
31931
31948
31954
31955
31974
31981
31998
32002
32003
32006
32043
32050
32058
32082
32111
32113
32118
32119
32140
32143
32180
32183
32205
32211
32219
32222
32228
32230
32240
32241
32242
32255
32257
32265
32302
32305
32312
32320
32325
32345
32357
32370
32381
32402
32431
32436
32455
32464
32477
32500
32517
32522
32546
32549
32569
32572
32576
32587
32592
32623
32624
32631
32633
32658
32670
32692
32694
32696
32701
32725
32731
32734
32736
32739
32752
32754
32782
32783
32791
32803
32817
32826
32833
32839
32841
32866
32868
32876
32889
32894
32903
32912
32922
32927
32929
32932
32938
32942
32969
32977
32978
32994
32999
33006
33010
33015
33030
33032
33034
33035
33040
33055
33056
33058
33063
33073
33076
33100
33102
33116
33135
33154
33159
33167
33178
33207
33209
33217
33227
33242
33258
33264
33269
33272
33305
33314
33318
33328
33341
33379
33397
33401
33410
33429
33434
33436
33450
33454
33474
33477
33484
33486
33497
33513
33518
33520
33542
33548
33549
33550
33559
33560
33564
33572
33584
33585
33588
33595
33601
33604
33615
33619
33629
33689
33692
33693
33704
33715
33724
33728
33730
33735
33742
33751
33779
33782
33790
33794
33812
33814
33829
33871
33879
33886
33887
33901
33910
33916
33919
33927
33929
33934
33960
33975
33980
33984
34003
34009
34012
34024
34046
34049
34059
34060
34071
34100
34106
34117
34121
34124
34125
34135
34174
34186
34189
34198
34220
34247
34255
34260
34271
34277
34284
34285
34295
34324
34336
34342
34343
34350
34360
34374
34380
34393
34413
34433
34447
34456
34466
34488
34490
34492
34499
34520
34522
34529
34535
34539
34543
34546
34578
34589
34601
34621
34624
34628
34648
34652
34654
34658
34671
34686
34697
34698
34700
34703
34741
34748
34765
34767
34776
34783
34791
34812
34816
34827
34840
34859
34879
34894
34896
34897
34905
34915
34918
34924
34956
34960
34963
34993
35026
35027
35033
35034
35037
35047
35055
35079
35099
35119
35131
35140
35146
35154
35158
35169
35181
35184
35200
35204
35205
35206
35210
35211
35213
35219
35222
35238
35241
35280
35284
35297
35305
35318
35322
35342
35377
35385
35411
35419
35424
35426
35433
35439
35452
35468
35470
35497
35517
35537
35540
35564
35566
35575
35578
35579
35588
35601
35607
35614
35616
35627
35664
35682
35683
35684
35687
35709
35714
35718
35726
35729
35734
35736
35750
35753
35768
35791
35795
35808
35810
35817
35825
35828
35844
35846
35851
35861
35868
35883
35886
35888
35910
35917
35918
35935
35948
35955
35962
35968
35988
35993
36002
36014
36036
36038
36049
36061
36063
36067
36068
36070
36079
36101
36113
36125
36129
36144
36155
36175
36176
36184
36195
36220
36232
36237
36254
36259
36267
36274
36278
36285
36291
36293
36294
36305
36308
36310
36343
36344
36358
36363
36372
36383
36390
36403
36415
36416
36417
36425
36439
36444
36446
36491
36496
36504
36523
36527
36561
36570
36574
36578
36581
36590
36601
36616
36636
36637
36653
36660
36665
36673
36686
36698
36699
36701
36702
36703
36714
36724
36725
36743
36746
36766
36769
36772
36784
36792
36798
36810
36821
36826
36838
36841
36857
36866
36881
36890
36893
36895
36903
36905
36910
36966
36980
36985
36996
37003
37018
37028
37033
37037
37044
37050
37071
37091
37121
37140
37142
37159
37173
37175
37177
37194
37195
37208
37217
37218
37222
37228
37230
37231
37235
37236
37238
37246
37254
37256
37277
37282
37292
37310
37315
37334
37336
37340
37345
37346
37350
37351
37356
37370
37371
37390
37401
37421
37442
37445
37451
37475
37476
37477
37502
37509
37523
37535
37542
37544
37549
37576
37577
37581
37599
37621
37639
37666
37667
37675
37676
37679
37707
37724
37751
37788
37801
37803
37804
37829
37831
37845
37859
37872
37888
37892
37895
37905
37931
37966
37973
37982
37990
37993
37998
38013
38022
38028
38032
38045
38050
38084
38101
38104
38114
38115
38152
38156
38172
38176
38181
38185
38187
38190
38192
38214
38219
38258
38259
38260
38290
38299
38302
38306
38308
38318
38322
38327
38334
38342
38347
38348
38352
38367
38371
38376
38379
38390
38393
38394
38400
38416
38421
38431
38444
38448
38450
38460
38471
38472
38474
38478
38479
38491
38511
38514
38535
38548
38555
38571
38576
38578
38584
38633
38634
38640
38642
38643
38659
38661
38676
38681
38694
38695
38699
38703
38721
38730
38741
38754
38761
38780
38782
38796
38820
38833
38853
38854
38856
38861
38875
38876
38881
38885
38895
38915
38925
38933
38936
38958
38961
38980
38988
38996
39004
39019
39036
39043
39045
39067
39086
39087
39098
39105
39112
39121
39130
39137
39154
39164
39165
39177
39180
39188
39200
39205
39206
39212
39221
39226
39250
39251
39258
39260
39273
39278
39292
39313
39318
39320
39332
39336
39337
39340
39353
39356
39369
39372
39379
39383
39385
39388
39394
39406
39430
39431
39440
39455
39466
39475
39495
39496
39506
39508
39515
39528
39567
39577
39583
39589
39601
39610
39626
39630
39632
39650
39665
39677
39679
39697
39709
39727
39736
39742
39747
39766
39767
39777
39792
39815
39824
39825
39837
39870
39883
39887
39893
39908
39934
39947
39967
39987
40009
40010
40019
40023
40034
40036
40072
40085
40093
40105
40124
40137
40139
40141
40157
40176
40191
40209
40229
40230
40244
40271
40278
40282
40304
40331
40332
40342
40349
40351
40355
40356
40367
40383
40394
40395
40407
40411
40433
40475
40484
40491
40492
40501
40514
40515
40526
40527
40533
40538
40541
40543
40554
40560
40564
40591
40594
40596
40609
40616
40625
40641
40642
40650
40661
40676
40707
40717
40741
40751
40754
40757
40771
40775
40785
40798
40828
40845
40849
40862
40871
40874
40889
40894
40907
40917
40927
40941
40952
40961
40979
40980
40986
40991
41018
41039
41047
41050
41059
41060
41086
41089
41111
41129
41134
41142
41149
41157
41160
41167
41170
41172
41188
41190
41198
41201
41213
41214
41242
41246
41257
41261
41262
41268
41272
41273
41303
41308
41316
41323
41344
41346
41351
41361
41380
41400
41408
41410
41413
41415
41423
41430
41439
41442
41452
41459
41477
41488
41500
41508
41517
41519
41538
41545
41546
41547
41561
41572
41577
41586
41631
41636
41642
41654
41659
41666
41675
41676
41688
41690
41695
41703
41711
41726
41735
41736
41746
41757
41778
41782
41785
41790
41793
41797
41800
41814
41828
41829
41842
41848
41849
41869
41874
41876
41889
41890
41899
41912
41940
41963
41974
41975
41976
41988
41995
42007
42021
42022
42025
42027
42066
42072
42075
42080
42089
42103
42123
42143
42151
42154
42160
42162
42166
42172
42174
42190
42207
42225
42234
42247
42253
42256
42295
42305
42325
42335
42340
42350
42361
42370
42381
42386
42395
42396
42405
42409
42420
42450
42452
42475
42481
42489
42490
42498
42521
42523
42525
42530
42541
42558
42570
42571
42591
42600
42611
42647
42667
42685
42689
42694
42700
42714
42723
42729
42730
42745
42767
42785
42788
42829
42843
42847
42856
42869
42904
42905
42912
42919
42921
42922
42937
42942
42948
42957
42960
42972
42975
42978
42992
42996
43035
43049
43054
43061
43063
43095
43115
43125
43141
43154
43161
43164
43166
43177
43225
43251
43260
43263
43264
43270
43281
43304
43305
43311
43320
43348
43359
43379
43386
43396
43399
43413
43420
43424
43431
43437
43440
43457
43462
43485
43498
43505
43518
43545
43564
43569
43572
43581
43582
43586
43589
43592
43594
43605
43620
43625
43640
43643
43646
43655
43668
43673
43678
43679
43682
43694
43697
43720
43726
43735
43736
43742
43744
43752
43767
43795
43800
43804
43807
43822
43839
43857
43866
43892
43908
43914
43925
43931
43940
43955
43973
43977
43979
43995
44011
44017
44057
44066
44070
44073
44077
44078
44082
44102
44114
44119
44128
44132
44168
44179
44189
44197
44201
44204
44217
44218
44237
44238
44250
44255
44258
44287
44300
44309
44315
44318
44319
44330
44331
44336
44337
44346
44354
44355
44358
44365
44382
44394
44410
44420
44428
44441
44444
44452
44460
44463
44483
44498
44503
44517
44533
44571
44602
44605
44617
44635
44644
44649
44655
44666
44690
44697
44715
44722
44728
44732
44735
44742
44754
44755
44790
44801
44808
44809
44814
44817
44843
44870
44879
44909
44925
44932
44941
44952
44953
44963
44981
44984
44989
45010
45013
45023
45030
45067
45080
45090
45104
45107
45113
45127
45138
45141
45154
45157
45177
45209
45224
45225
45228
45241
45248
45262
45265
45267
45269
45274
45291
45294
45300
45309
45324
45335
45338
45368
45376
45395
45409
45410
45425
45447
45448
45460
45478
45479
45506
45510
45514
45523
45542
45549
45552
45558
45566
45569
45580
45581
45593
45609
45614
45622
45623
45630
45633
45634
45635
45640
45643
45664
45668
45686
45702
45713
45733
45742
45750
45755
45757
45771
45805
45839
45846
45851
45856
45863
45881
45887
45910
45914
45934
45935
45949
45965
45984
45986
46003
46013
46024
46043
46045
46049
46067
46074
46088
46096
46101
46109
46120
46131
46167
46170
46177
46186
46189
46198
46205
46207
46209
46218
46229
46272
46309
46310
46323
46359
46382
46383
46389
46390
46392
46393
46411
46420
46421
46432
46440
46441
46455
46471
46482
46491
46511
46521
46524
46526
46529
46536
46538
46558
46559
46567
46580
46581
46587
46590
46594
46611
46626
46632
46646
46665
46669
46670
46676
46682
46684
46695
46704
46715
46732
46735
46750
46755
46788
46804
46811
46825
46844
46845
46859
46861
46869
46898
46903
46943
46967
46991
46994
47006
47011
47014
47018
47025
47026
47032
47037
47045
47047
47064
47084
47106
47112
47133
47147
47162
47179
47191
47209
47214
47219
47220
47239
47260
47265
47269
47277
47288
47300
47343
47358
47376
47383
47404
47415
47418
47430
47432
47436
47437
47450
47451
47454
47458
47472
47474
47486
47492
47497
47509
47524
47561
47562
47564
47574
47584
47593
47611
47631
47636
47663
47673
47687
47694
47699
47705
47713
47715
47738
47761
47772
47774
47778
47789
47792
47794
47798
47807
47808
47810
47824
47827
47840
47847
47864
47877
47891
47911
47916
47932
47943
47954
47962
47963
47980
48005
48006
48032
48033
48051
48052
48054
48066
48071
48082
48083
48086
48090
48114
48116
48117
48133
48141
48145
48152
48153
48156
48169
48188
48199
48219
48239
48262
48276
48278
48283
48301
48317
48319
48328
48338
48340
48346
48359
48362
48366
48370
48380
48387
48398
48409
48427
48430
48433
48437
48451
48471
48491
48492
48493
48505
48507
48538
48539
48565
48568
48570
48590
48591
48594
48605
48609
48620
48630
48632
48636
48649
48656
48673
48689
48692
48706
48707
48714
48740
48744
48749
48760
48772
48776
48778
48792
48809
48810
48821
48823
48827
48839
48857
48858
48864
48867
48879
48883
48886
48907
48918
48941
48945
48958
48994
48999
49004
49019
49022
49026
49031
49036
49043
49047
49049
49060
49066
49083
49084
49104
49109
49133
49139
49153
49161
49173
49175
49178
49216
49233
49252
49255
49258
49275
49293
49296
49305
49328
49337
49344
49346
49347
49353
49396
49401
49403
49405
49418
49426
49436
49448
49449
49456
49478
49483
49484
49505
49510
49517
49524
49526
49539
49550
49577
49593
49597
49613
49624
49626
49633
49651
49659
49693
49699
49711
49718
49743
49761
49765
49769
49772
49779
49802
49816
49827
49828
49838
49847
49865
49879
49886
49900
49910
49915
49930
49931
49959
49960
49965
49969
49970
49977
50002
50004
50027
50034
50039
50058
50059
50073
50076
50082
50086
50092
50093
50098
50104
50108
50113
50118
50122
50125
50132
50135
50146
50159
50160
50165
50168
50193
50199
50220
50241
50242
50266
50270
50275
50276
50280
50289
50294
50303
50323
50343
50355
50387
50402
50415
50418
50425
50428
50469
50494
50503
50506
50509
50551
50556
50580
50584
50588
50590
50594
50595
50598
50610
50612
50618
50619
50622
50623
50635
50645
50657
50666
50670
50719
50741
50761
50776
50780
50781
50793
50810
50811
50817
50818
50823
50836
50843
50856
50863
50865
50866
50870
50880
50888
50890
50893
50912
50921
50932
50934
50938
50941
50961
51021
51031
51055
51066
51069
51075
51089
51096
51109
51115
51139
51152
51159
51179
51191
51213
51219
51220
51232
51233
51246
51269
51276
51293
51295
51310
51311
51319
51354
51355
51370
51378
51386
51387
51400
51402
51406
51407
51408
51410
51427
51438
51446
51456
51457
51475
51476
51480
51481
51485
51497
51507
51508
51514
51518
51525
51528
51535
51538
51570
51596
51602
51607
51619
51620
51624
51628
51641
51661
51662
51664
51676
51681
51687
51690
51696
51697
51700
51711
51728
51729
51734
51745
51755
51778
51788
51804
51805
51857
51872
51877
51912
51920
51924
51953
51965
51977
51993
51995
52000
52004
52005
52029
52049
52053
52054
52062
52066
52069
52076
52100
52102
52125
52141
52145
52150
52156
52163
52183
52194
52197
52198
52206
52212
52215
52233
52253
52263
52265
52273
52275
52282
52297
52338
52351
52365
52374
52380
52387
52412
52420
52421
52426
52434
52441
52461
52472
52482
52494
52502
52503
52504
52513
52514
52516
52518
52534
52541
52542
52544
52551
52557
52560
52571
52578
52581
52584
52598
52620
52626
52640
52641
52645
52667
52674
52678
52685
52688
52724
52725
52742
52749
52754
52759
52765
52768
52781
52788
52806
52820
52833
52837
52844
52856
52858
52859
52877
52880
52897
52908
52912
52915
52918
52946
52951
52957
52976
52986
53005
53007
53009
53047
53057
53068
53081
53095
53106
53111
53127
53148
53153
53169
53175
53179
53197
53198
53215
53220
53221
53228
53230
53277
53289
53311
53318
53320
53331
53336
53359
53389
53398
53406
53416
53422
53463
53472
53481
53499
53516
53526
53534
53540
53543
53553
53555
53557
53578
53581
53588
53603
53606
53621
53625
53646
53652
53677
53697
53706
53717
53754
53775
53777
53793
53798
53818
53827
53828
53830
53840
53869
53877
53892
53900
53909
53918
53929
53949
53969
53981
53983
53991
53993
54018
54032
54049
54067
54068
54086
54113
54124
54133
54150
54153
54172
54183
54188
54196
54200
54204
54205
54206
54211
54215
54224
54227
54237
54252
54255
54265
54288
54298
54316
54332
54333
54345
54348
54360
54363
54370
54383
54390
54403
54409
54420
54425
54462
54490
54496
54503
54518
54523
54537
54539
54547
54570
54572
54583
54591
54602
54610
54618
54621
54630
54641
54646
54652
54661
54662
54699
54717
54733
54771
54788
54799
54802
54820
54823
54830
54841
54847
54851
54885
54907
54923
54929
54933
54945
54948
54959
54969
54994
55012
55016
55018
55019
55039
55057
55066
55077
55096
55111
55112
55123
55134
55135
55138
55143
55154
55162
55166
55168
55185
55196
55213
55219
55226
55230
55245
55252
55255
55273
55274
55289
55307
55314
55327
55350
55362
55367
55372
55379
55382
55387
55390
55420
55447
55456
55458
55475
55483
55512
55515
55520
55533
55536
55551
55558
55561
55565
55584
55590
55615
55616
55626
55627
55638
55645
55660
55670
55703
55713
55720
55725
55731
55738
55742
55754
55757
55760
55770
55777
55797
55798
55820
55824
55827
55841
55861
55867
55897
55900
55904
55913
55936
55942
55943
55951
55956
55975
55977
55984
55994
56015
56022
56035
56044
56098
56105
56115
56130
56144
56148
56153
56162
56171
56172
56177
56179
56182
56186
56195
56210
56211
56231
56232
56240
56251
56342
56345
56358
56373
56385
56399
56405
56411
56421
56441
56446
56455
56463
56481
56501
56519
56520
56526
56545
56548
56549
56552
56562
56568
56582
56592
56619
56629
56632
56641
56673
56675
56677
56678
56692
56693
56706
56718
56727
56736
56746
56747
56767
56790
56796
56805
56809
56811
56830
56840
56845
56854
56862
56863
56878
56885
56899
56904
56916
56918
56936
56937
56943
56963
56964
56972
56981
56988
57010
57012
57015
57023
57029
57036
57065
57075
57089
57122
57125
57138
57140
57143
57147
57157
57158
57198
57213
57218
57226
57233
57253
57254
57260
57275
57297
57313
57314
57346
57347
57353
57360
57409
57413
57419
57438
57456
57463
57490
57498
57508
57514
57518
57519
57529
57554
57557
57565
57577
57578
57587
57591
57622
57641
57656
57675
57691
57719
57742
57754
57756
57758
57764
57770
57777
57783
57791
57802
57807
57823
57842
57846
57850
57860
57881
57883
57891
57935
57943
57945
57954
57959
57971
57989
57994
58007
58010
58016
58027
58041
58043
58050
58055
58093
58111
58115
58124
58133
58136
58157
58166
58176
58191
58216
58224
58226
58246
58251
58259
58271
58281
58291
58295
58301
58303
58304
58329
58345
58352
58354
58370
58382
58392
58404
58415
58423
58430
58435
58438
58442
58443
58473
58488
58506
58516
58522
58534
58536
58549
58554
58578
58592
58598
58605
58623
58626
58629
58652
58669
58682
58686
58695
58714
58724
58732
58755
58766
58770
58781
58786
58798
58807
58815
58825
58835
58839
58842
58863
58869
58883
58900
58904
58911
58917
58922
58940
58949
58958
58997
58998
59000
59008
59029
59032
59035
59039
59065
59073
59098
59117
59121
59125
59132
59141
59145
59146
59161
59171
59181
59192
59206
59208
59217
59226
59237
59251
59255
59257
59273
59284
59292
59302
59310
59320
59324
59345
59347
59359
59369
59378
59417
59431
59437
59442
59445
59448
59453
59463
59470
59474
59483
59493
59503
59508
59509
59531
59540
59548
59549
59567
59570
59578
59583
59591
59601
59610
59632
59637
59640
59642
59673
59679
59687
59693
59702
59709
59736
59744
59752
59754
59758
59770
59775
59785
59791
59801
59811
59841
59848
59853
59866
59873
59876
59877
59885
59892
59895
59907
59924
59928
59959
59966
59976
59981
59982
59986
59998
