15
29
38
42
52
71
79
84
91
96
101
103
123
140
141
148
158
168
185
193
196
212
214
223
230
243
258
263
288
301
305
307
324
337
340
349
353
370
371
377
384
387
411
422
426
436
446
467
468
478
483
497
505
511
518
521
522
560
562
567
586
599
608
611
617
624
632
634
636
640
644
651
654
683
686
703
723
724
728
730
750
753
773
786
795
798
803
819
820
824
839
853
868
880
883
884
888
898
904
908
911
918
928
933
934
936
942
948
950
954
962
968
969
971
981
994
995
1001
1014
1019
1022
1023
1042
1043
1054
1057
1072
1075
1082
1088
1106
1114
1125
1126
1127
1153
1154
1156
1157
1166
1186
1191
1205
1208
1216
1217
1225
1229
1231
1251
1281
1300
1302
1306
1314
1322
1326
1332
1335
1338
1342
1343
1347
1353
1376
1381
1392
1400
1412
1416
1417
1422
1437
1451
1480
1491
1499
1513
1523
1525
1547
1564
1570
1586
1589
1608
1618
1619
1636
1639
1652
1655
1656
1673
1687
1719
1730
1739
1746
1747
1770
1772
1789
1803
1821
1825
1832
1833
1846
1848
1851
1858
1871
1891
1899
1919
1933
1944
1946
1953
1958
1975
1982
1983
2007
2014
2018
2024
2027
2048
2054
2055
2064
2090
2095
2102
2108
2115
2118
2133
2142
2145
2161
2168
2173
2187
2213
2223
2229
2238
2244
2246
2271
2292
2297
2319
2344
2347
2348
2367
2376
2380
2381
2386
2391
2417
2427
2431
2433
2447
2455
2477
2488
2491
2492
2502
2512
2522
2540
2543
2558
2574
2575
2576
2591
2609
2612
2618
2634
2650
2653
2658
2659
2666
2673
2676
2691
2701
2704
2706
2711
2743
2750
2752
2754
2759
2766
2778
2814
2825
2835
2844
2848
2852
2865
2867
2881
2903
2909
2929
2949
2950
2969
2980
2982
2984
2985
2986
2995
3008
3010
3059
3060
3065
3079
3081
3087
3116
3140
3151
3162
3167
3189
3206
3209
3210
3214
3223
3228
3236
3246
3249
3250
3252
3253
3255
3267
3270
3276
3282
3283
3298
3317
3324
3343
3349
3368
3372
3405
3408
3423
3426
3428
3442
3448
3463
3469
3494
3498
3505
3507
3515
3518
3522
3531
3538
3556
3579
3599
3617
3618
3620
3633
3640
3641
3692
3718
3721
3728
3731
3747
3750
3751
3769
3780
3782
3788
3790
3795
3798
3804
3805
3823
3840
3843
3846
3854
3863
3868
3887
3894
3895
3899
3909
3914
3915
3916
3933
3940
3942
3948
3951
3992
4000
4020
4024
4034
4041
4042
4046
4061
4074
4081
4116
4130
4131
4141
4164
4173
4175
4189
4200
4207
4211
4217
4226
4227
4242
4254
4255
4266
4273
4280
4285
4296
4298
4303
4317
4326
4330
4331
4332
4334
4338
4353
4354
4358
4363
4366
4372
4385
4393
4394
4395
4396
4421
4422
4432
4452
4458
4472
4478
4479
4499
4516
4519
4528
4530
4545
4548
4551
4559
4571
4575
4591
4592
4604
4618
4643
4647
4659
4661
4672
4680
4725
4726
4734
4743
4759
4774
4784
4785
4794
4799
4806
4809
4832
4840
4842
4858
4863
4869
4875
4876
4888
4893
4897
4899
4904
4907
4925
4928
4945
4946
4964
4965
4977
4984
4991
4995
5000
5014
5022
5025
5035
5049
5057
5059
5068
5089
5100
5146
5161
5178
5181
5182
5197
5206
5214
5223
5242
5251
5253
5264
5269
5280
5283
5291
5300
5302
5308
5312
5325
5326
5347
5349
5352
5367
5387
5407
5416
5422
5427
5437
5441
5446
5447
5448
5465
5472
5473
5496
5504
5519
5535
5540
5546
5555
5564
5565
5568
5569
5575
5579
5584
5596
5626
5650
5651
5652
5657
5663
5676
5716
5723
5741
5754
5761
5768
5769
5778
5784
5786
5795
5811
5818
5821
5825
5851
5855
5897
5906
5912
5946
5953
5959
5968
5975
5976
5986
5995
6014
6015
6046
6050
6053
6054
6064
6087
6088
6091
6109
6115
6130
6132
6134
6140
6141
6147
6167
6173
6176
6202
6221
6224
6241
6248
6250
6259
6278
6280
6287
6304
6315
6319
6333
6339
6358
6361
6375
6378
6381
6397
6403
6432
6435
6455
6475
6476
6481
6485
6487
6507
6510
6525
6528
6550
6566
6579
6587
6590
6597
6600
6616
6623
6650
6666
6675
6686
6688
6695
6696
6707
6713
6715
6722
6740
6752
6756
6770
6777
6818
6824
6835
6843
6845
6862
6866
6871
6878
6881
6882
6889
6902
6908
6911
6914
6915
6932
6947
6953
6956
6965
6986
7001
7010
7017
7028
7033
7054
7059
7085
7092
7099
7113
7125
7167
7173
7174
7197
7210
7213
7226
7229
7236
7255
7277
7278
7284
7287
7301
7304
7306
7309
7314
7331
7334
7340
7348
7352
7362
7380
7384
7386
7388
7403
7418
7420
7423
7437
7438
7445
7446
7470
7494
7509
7513
7525
7527
7530
7534
7547
7565
7568
7605
7608
7610
7616
7621
7643
7644
7663
7679
7686
7694
7697
7730
7731
7737
7754
7769
7770
7781
7783
7795
7808
7809
7849
7852
7866
7869
7889
7899
7906
7913
7931
7943
7945
7950
7959
7961
7992
7994
8020
8038
8044
8049
8068
8069
8079
8084
8090
8107
8114
8123
8130
8137
8138
8142
8143
8144
8167
8168
8170
8182
8186
8196
8198
8205
8214
8217
8232
8237
8248
8256
8267
8268
8280
8283
8286
8297
8302
8345
8353
8361
8362
8364
8375
8377
8389
8396
8401
8429
8436
8437
8444
8463
8476
8483
8499
8502
8511
8516
8517
8556
8559
8562
8566
8571
8572
8576
8594
8596
8604
8616
8629
8637
8647
8651
8655
8665
8698
8699
8717
8718
8735
8741
8758
8783
8791
8798
8801
8803
8804
8805
8827
8828
8845
8849
8861
8866
8910
8913
8931
8949
8954
8959
8965
8980
8990
8991
9001
9007
9022
9023
9052
9060
9077
9082
9086
9097
9102
9115
9143
9157
9162
9188
9198
9200
9214
9223
9224
9235
9243
9263
9267
9270
9273
9274
9276
9283
9286
9307
9327
9343
9351
9356
9373
9382
9395
9416
9426
9429
9432
9433
9434
9444
9445
9454
9467
9470
9494
9498
9499
9502
9510
9519
9522
9535
9538
9545
9548
9549
9551
9560
9571
9582
9588
9598
9603
9606
9644
9656
9657
9660
9665
9669
9676
9681
9711
9716
9724
9740
9747
9767
9768
9774
9787
9788
9793
9831
9833
9843
9854
9878
9882
9885
9886
9888
9901
9905
9908
9911
9927
9954
9955
9988
9990
9992
9999
10002
10014
10019
10039
10046
10050
10063
10077
10086
10095
10096
10131
10147
10148
10154
10160
10170
10171
10178
10179
10181
10202
10215
10231
10243
10251
10253
10263
10287
10295
10296
10297
10302
10309
10315
10324
10337
10357
10377
10388
10392
10394
10408
10427
10431
10457
10461
10474
10485
10487
10496
10510
10517
10522
10533
10544
10547
10548
10573
10590
10593
10609
10637
10640
10648
10651
10682
10702
10708
10715
10716
10718
10727
10735
10744
10759
10763
10769
10788
10795
10815
10828
10835
10841
10864
10873
10890
10893
10911
10932
10935
10940
10946
10965
10969
10986
10989
11007
11020
11049
11054
11056
11059
11076
11080
11085
11088
11092
11099
11119
11122
11125
11130
11137
11159
11164
11166
11168
11170
11180
11185
11188
11204
11207
11220
11235
11247
11254
11266
11274
11290
11294
11309
11328
11329
11332
11334
11349
11350
11370
11372
11399
11400
11407
11421
11426
11430
11435
11437
11455
11473
11488
11498
11510
11516
11517
11525
11528
11534
11540
11548
11553
11564
11566
11573
11591
11594
11595
11616
11623
11640
11642
11650
11660
11664
11686
11687
11689
11703
11716
11733
11736
11757
11763
11766
11768
11771
11778
11786
11789
11798
11805
11810
11821
11822
11829
11831
11838
11854
11877
11894
11898
11907
11919
11937
11944
11946
11987
11994
12000
12007
12018
12025
12031
12048
12062
12065
12067
12081
12116
12123
12126
12138
12139
12143
12149
12165
12176
12185
12188
12206
12208
12233
12252
12253
12273
12278
12287
12292
12293
12296
12304
12348
12363
12364
12373
12390
12391
12395
12403
12408
12413
12420
12428
12439
12453
12454
12464
12471
12478
12491
12492
12511
12524
12526
12537
12558
12571
12576
12579
12597
12599
12601
12624
12628
12641
12649
12659
12668
12676
12678
12717
12724
12730
12737
12742
12751
12754
12757
12769
12772
12774
12781
12794
12806
12813
12819
12835
12841
12849
12850
12863
12865
12896
12908
12921
12941
12956
12961
12970
12979
12982
12993
12994
13000
13024
13027
13042
13048
13053
13056
13064
13091
13119
13123
13131
13136
13149
13150
13158
13162
13166
13169
13174
13180
13187
13188
13192
13199
13205
13243
13244
13255
13292
13311
13319
13329
13333
13337
13355
13380
13382
13391
13405
13410
13416
13421
13469
13479
13482
13512
13513
13515
13529
13534
13540
13555
13561
13566
13570
13571
13599
13600
13637
13638
13644
13651
13662
13665
13684
13691
13710
13718
13744
13746
13753
13754
13755
13756
13767
13776
13786
13789
13794
13802
13810
13814
13815
13819
13834
13842
13847
13867
13883
13890
13900
13905
13907
13915
13933
13963
13975
13978
14004
14011
14022
14032
14033
14046
14053
14073
14076
14088
14094
14095
14104
14111
14114
14138
14141
14145
14152
14197
14201
14219
14231
14238
14242
14243
14245
14246
14277
14280
14284
14287
14288
14299
14307
14313
14337
14348
14360
14379
14386
14387
14391
14395
14398
14403
14439
14448
14455
14460
14470
14475
14505
14506
14519
14522
14531
14532
14536
14540
14556
14563
14573
14581
14586
14590
14594
14597
14598
14600
14601
14605
14622
14642
14643
14663
14684
14710
14718
14719
14727
14741
14750
14755
14757
14770
14777
14795
14802
14814
14824
14829
14832
14833
14841
14850
14866
14871
14891
14898
14911
14920
14926
14930
14954
14961
14969
14983
14997
14999
15019
15037
15062
15074
15081
15086
15087
15098
15106
15113
15122
15127
15147
15168
15172
15173
15192
15199
15200
15202
15204
15209
15213
15215
15229
15230
15243
15254
15256
15260
15276
15305
15319
15327
15331
15340
15393
15410
15422
15425
15449
15452
15460
15465
15468
15469
15485
15490
15494
15499
15513
15518
15531
15545
15554
15570
15577
15586
15589
15597
15635
15643
15646
15671
15689
15690
15705
15718
15721
15737
15740
15750
15754
15792
15801
15808
15811
15818
15824
15833
15849
15856
15859
15877
15895
15900
15906
15909
15922
15923
15932
15939
15952
15953
15954
15976
15983
15997
15998
16004
16015
16016
16041
16049
16052
16079
16099
16100
16113
16133
16138
16143
16150
16162
16169
16186
16189
16194
16197
16199
16205
16212
16226
16240
16247
16248
16264
16271
16272
16288
16299
16304
16316
16319
16324
16337
16343
16369
16379
16383
16394
16395
16401
16419
16420
16437
16454
16478
16496
16505
16514
16524
16528
16537
16548
16557
16577
16594
16596
16609
16613
16615
16623
16630
16641
16644
16661
16672
16687
16696
16700
16710
16711
16712
16717
16721
16756
16771
16795
16800
16809
16823
16836
16840
16842
16843
16848
16852
16871
16882
16915
16935
16949
16962
16966
16970
16978
16984
16986
16990
16999
17007
17017
17031
17033
17044
17053
17054
17068
17069
17086
17109
17113
17114
17117
17136
17140
17143
17144
17163
17177
17183
17185
17205
17206
17228
17248
17261
17267
17278
17282
17303
17306
17307
17316
17329
17340
17343
17350
17356
17359
17368
17370
17373
17380
17383
17388
17391
17419
17420
17424
17440
17441
17443
17481
17483
17486
17490
17497
17513
17525
17532
17533
17557
17615
17617
17630
17649
17659
17683
17687
17696
17703
17714
17718
17719
17724
17735
17762
17772
17776
17789
17795
17798
17800
17807
17809
17813
17816
17830
17833
17849
17866
17882
17887
17897
17917
17918
17935
17946
17955
17961
17962
17963
17969
17974
17979
18002
18006
18020
18025
18037
18046
18048
18066
18086
18087
18100
18107
18122
18127
18142
18152
18160
18161
18170
18173
18183
18191
18204
18257
18265
18269
18289
18309
18315
18320
18322
18333
18346
18351
18358
18367
18391
18392
18402
18408
18410
18427
18429
18449
18469
18472
18479
18494
18498
18502
18513
18532
18534
18537
18539
18556
18557
18597
18609
18616
18621
18648
18671
18681
18682
18691
18706
18720
18729
18734
18736
18753
18754
18757
18773
18784
18793
18809
18810
18816
18818
18819
18824
18825
18834
18843
18844
18855
18857
18871
18873
18876
18894
18910
18950
18951
18962
18966
18969
18979
19003
19023
19039
19050
19054
19057
19073
19086
19141
19153
19164
19172
19183
19184
19187
19193
19199
19221
19226
19235
19251
19257
19259
19260
19262
19270
19283
19284
19312
19327
19334
19341
19344
19352
19370
19372
19379
19383
19409
19416
19424
19433
19434
19448
19453
19473
19479
19493
19509
19511
19525
19527
19534
19572
19574
19580
19592
19611
19625
19635
19636
19642
19648
19658
19663
19668
19683
19703
19704
19733
19740
19771
19773
19780
19791
19800
19809
19812
19817
19823
19838
19842
19844
19869
19893
19895
19904
19912
19929
19949
19978
19987
19989
20002
20004
20019
20030
20032
20039
20043
20048
20061
20067
20090
20105
20134
20155
20158
20162
20189
20206
20214
20218
20223
20226
20227
20229
20255
20260
20273
20277
20280
20295
20296
20301
20304
20310
20311
20312
20318
20335
20354
20370
20380
20385
20386
20398
20403
20404
20406
20417
20422
20435
20449
20452
20466
20477
20498
20501
20504
20509
20532
20549
20552
20557
20558
20566
20576
20579
20582
20583
20588
20600
20605
20619
20646
20669
20694
20703
20707
20720
20723
20729
20740
20759
20765
20766
20789
20795
20834
20856
20857
20866
20883
20909
20921
20969
20971
20977
20980
20991
20996
21000
21021
21043
21050
21062
21063
21083
21086
21095
21111
21123
21133
21148
21159
21160
21169
21175
21217
21222
21236
21240
21243
21258
21265
21293
21313
21318
21322
21333
21335
21352
21367
21386
21387
21388
21396
21400
21405
21412
21429
21437
21456
21459
21462
21463
21464
21478
21482
21483
21501
21514
21518
21547
21567
21572
21587
21603
21621
21624
21641
21651
21662
21666
21672
21679
21693
21700
21701
21704
21706
21710
21719
21725
21732
21758
21761
21783
21790
21803
21816
21823
21824
21834
21841
21843
21871
21885
21894
21904
21915
21937
21949
22005
22007
22016
22018
22022
22037
22052
22057
22077
22082
22090
22094
22097
22109
22129
22131
22134
22167
22171
22181
22183
22220
22228
22239
22250
22259
22279
22287
22300
22301
22313
22314
22326
22336
22342
22346
22348
22350
22351
22371
22377
22381
22392
22399
22401
22416
22420
22454
22467
22481
22497
22498
22513
22515
22519
22527
22528
22530
22534
22539
22546
22570
22577
22588
22593
22608
22613
22626
22651
22662
22667
22683
22711
22739
22740
22743
22753
22754
22759
22781
22790
22791
22796
22797
22817
22823
22826
22836
22858
22862
22870
22871
22876
22880
22891
22911
22921
22941
22950
22955
22971
22984
22993
22995
23000
23002
23010
23021
23051
23054
23068
23070
23074
23094
23127
23140
23141
23149
23153
23155
23164
23173
23178
23192
23207
23220
23230
23246
23248
23259
23260
23267
23271
23283
23292
23309
23334
23345
23352
23360
23381
23386
23387
23388
23402
23427
23430
23433
23442
23443
23445
23451
23469
23479
23507
23526
23534
23535
23540
23551
23570
23571
23588
23590
23603
23607
23609
23621
23645
23661
23666
23678
23684
23686
23698
23704
23708
23711
23715
23726
23752
23760
23767
23782
23784
23787
23798
23802
23803
23811
23815
23840
23849
23883
23902
23909
23932
23941
23946
23951
23965
23968
23969
23978
23985
24005
24008
24022
24025
24040
24041
24044
24049
24064
24088
24094
24131
24138
24140
24141
24155
24159
24171
24172
24181
24186
24200
24207
24221
24228
24236
24239
24254
24259
24260
24280
24291
24314
24315
24325
24351
24362
24364
24372
24375
24382
24384
24409
24412
24415
24434
24443
24455
24464
24477
24500
24502
24503
24505
24515
24518
24540
24544
24545
24548
24550
24561
24565
24568
24571
24572
24583
24599
24639
24644
24652
24655
24662
24670
24675
24682
24692
24699
24700
24702
24705
24709
24723
24727
24742
24743
24788
24797
24801
24813
24815
24816
24818
24830
24873
24878
24882
24884
24907
24917
24928
24935
24938
24964
24975
24984
24990
24994
25009
25011
25013
25021
25026
25058
25060
25062
25070
25079
25095
25110
25115
25121
25123
25125
25126
25128
25130
25133
25140
25155
25160
25161
25200
25201
25211
25229
25242
25286
25299
25300
25308
25314
25319
25339
25348
25350
25355
25363
25370
25392
25426
25439
25444
25449
25452
25458
25465
25469
25481
25491
25500
25506
25511
25522
25525
25543
25554
25561
25578
25581
25594
25597
25610
25615
25639
25642
25649
25681
25693
25705
25716
25727
25733
25748
25756
25775
25782
25788
25792
25797
25806
25808
25816
25817
25830
25833
25841
25850
25862
25863
25868
25871
25877
25888
25895
25897
25904
25926
25929
25964
25972
25979
25982
25985
25998
26001
26004
26010
26021
26026
26041
26047
26049
26051
26054
26056
26063
26076
26080
26088
26091
26097
26141
26151
26158
26162
26169
26189
26216
26218
26232
26234
26255
26266
26271
26272
26274
26287
26303
26304
26322
26337
26354
26356
26374
26395
26417
26423
26441
26442
26446
26455
26489
26499
26500
26528
26529
26549
26560
26568
26575
26579
26589
26591
26600
26602
26642
26659
26668
26679
26684
26699
26705
26707
26709
26714
26721
26734
26742
26749
26750
26755
26756
26778
26801
26811
26826
26829
26838
26851
26854
26882
26886
26894
26898
26916
26917
26933
26945
26957
26964
26966
26967
26969
26982
27005
27039
27054
27057
27058
27059
27061
27083
27098
27103
27144
27151
27155
27157
27158
27166
27168
27184
27194
27199
27203
27219
27220
27225
27235
27254
27265
27292
27302
27321
27341
27357
27360
27373
27379
27392
27406
27453
27463
27468
27481
27485
27497
27498
27507
27516
27522
27529
27532
27542
27543
27546
27554
27561
27574
27577
27592
27597
27621
27623
27632
27635
27647
27667
27683
27706
27709
27714
27716
27717
27722
27723
27728
27747
27756
27758
27808
27823
27827
27830
27837
27853
27862
27867
27868
27872
27881
27906
27912
27925
27938
27944
27945
27950
27956
27970
27971
27976
27983
27984
27986
28004
28009
28011
28012
28014
28025
28053
28061
28064
28071
28073
28082
28106
28117
28118
28120
28138
28145
28158
28179
28180
28201
28205
28207
28211
28219
28220
28229
28236
28270
28273
28298
28309
28314
28321
28337
28362
28379
28399
28417
28421
28429
28437
28443
28447
28450
28514
28520
28529
28532
28535
28541
28542
28550
28558
28562
28563
28575
28620
28621
28624
28632
28634
28638
28641
28642
28661
28670
28675
28688
28696
28697
28723
28730
28745
28764
28775
28781
28783
28790
28791
28812
28848
28849
28852
28864
28869
28880
28885
28897
28921
28926
28930
28933
28956
28972
28982
28986
28988
28990
28991
29002
29032
29051
29099
29103
29105
29109
29117
29127
29144
29159
29184
29186
29191
29202
29210
29212
29238
29257
29277
29282
29296
29297
29298
29309
29324
29325
29326
29333
29338
29363
29373
29376
29382
29412
29423
29432
29436
29440
29443
29450
29452
29463
29470
29482
29491
29508
29509
29512
29516
29529
29581
29582
29592
29595
29605
29607
29625
29632
29633
29652
29661
29689
29694
29709
29714
29727
29730
29733
29756
29762
29775
29783
29786
29796
29797
29799
29801
29806
29826
29833
29850
29855
29859
29867
29888
29900
29908
29919
29920
29931
29943
29948
29951
29954
29963
29964
29982
29983
29984
29998
30001
30008
30015
30017
30018
30021
30060
30065
30109
30118
30153
30154
30155
30165
30166
30177
30188
30190
30201
30202
30224
30245
30250
30259
30260
30264
30271
30286
30290
30294
30302
30307
30310
30313
30339
30348
30357
30359
30380
30414
30428
30432
30433
30442
30449
30462
30465
30479
30481
30495
30501
30502
30504
30513
30531
30532
30538
30541
30549
30558
30560
30579
30599
30604
30610
30619
30641
30643
30652
30657
30659
30664
30670
30672
30674
30677
30713
30718
30722
30723
30728
30739
30759
30764
30767
30768
30786
30798
30801
30821
30841
30879
30902
30912
30913
30917
30924
30935
30936
30941
30946
30952
30959
30973
30979
30982
30988
30990
30998
31003
31009
31055
31062
31064
31066
31073
31076
31085
31100
31101
31125
31137
31156
31160
31176
31187
31189
31192
31196
31207
31210
31219
31239
31257
31271
31284
31291
31300
31319
31330
31331
31362
31374
31382
31383
31385
31387
31391
31396
31398
31408
31423
31439
31459
31460
31477
31485
31510
31523
31527
31531
31533
31542
31547
31550
31553
31558
31560
31571
31576
31589
31594
31614
31643
31648
31671
31674
31678
31684
31690
31698
31699
31712
31713
31715
31725
31730
31731
31742
31792
31796
31799
31804
31812
31824
31826
31835
31844
31849
31850
31861
31879
31882
31899
31902
31910
31912
31914
31927
31957
31964
31967
31983
31991
31992
31996
31997
32004
32028
32048
32095
32099
32104
32117
32120
32122
32145
32150
32159
32173
32174
32185
32190
32195
32197
32208
32215
32220
32236
32247
32252
32266
32282
32289
32291
32294
32307
32327
32346
32347
32359
32363
32364
32373
32395
32416
32428
32432
32441
32460
32470
32497
32515
32527
32529
32538
32542
32551
32571
32580
32584
32589
32599
32604
32608
32613
32620
32626
32629
32643
32645
32649
32651
32655
32662
32681
32687
32700
32716
32728
32738
32740
32812
32819
32820
32835
32844
32849
32853
32861
32873
32877
32888
32893
32896
32906
32920
32924
32941
32945
32955
32956
32957
32980
32988
33017
33037
33050
33057
33062
33067
33082
33093
33103
33104
33107
33109
33123
33128
33131
33134
33153
33164
33170
33171
33196
33234
33241
33271
33280
33284
33287
33304
33307
33315
33335
33348
33356
33362
33384
33393
33395
33405
33406
33408
33423
33430
33431
33455
33459
33466
33470
33479
33499
33504
33515
33521
33524
33525
33527
33530
33543
33571
33582
33612
33616
33618
33627
33635
33639
33651
33656
33660
33676
33681
33710
33717
33736
33737
33753
33759
33788
33796
33797
33798
33809
33830
33834
33836
33838
33851
33867
33870
33873
33885
33912
33913
33920
33950
33957
33964
33977
33988
33995
33996
34032
34047
34055
34069
34079
34081
34088
34094
34110
34111
34118
34132
34142
34149
34153
34160
34161
34178
34191
34200
34207
34223
34229
34230
34231
34232
34233
34245
34265
34267
34278
34298
34307
34314
34317
34331
34344
34353
34378
34386
34395
34410
34415
34434
34435
34445
34446
34454
34459
34472
34477
34485
34487
34501
34503
34506
34516
34518
34528
34560
34564
34568
34576
34583
34599
34600
34609
34618
34633
34647
34661
34666
34670
34673
34676
34677
34687
34689
34690
34702
34704
34732
34751
34772
34774
34807
34825
34835
34837
34861
34880
34881
34890
34899
34909
34914
34916
34925
34934
34935
34939
34941
34951
34959
34970
34972
34981
34982
34997
34998
35032
35053
35081
35101
35102
35121
35130
35150
35176
35177
35196
35199
35203
35223
35225
35255
35260
35277
35291
35306
35316
35321
35334
35337
35351
35361
35371
35372
35382
35391
35416
35417
35446
35450
35451
35469
35474
35476
35499
35512
35518
35519
35539
35544
35549
35553
35555
35560
35573
35580
35594
35625
35633
35636
35637
35645
35648
35668
35675
35696
35711
35728
35731
35745
35754
35773
35781
35790
35834
35837
35839
35842
35845
35855
35860
35863
35871
35899
35919
35920
35937
35938
35957
35960
35961
35965
35978
35980
35998
36003
36012
36027
36041
36052
36069
36088
36105
36115
36134
36135
36136
36139
36140
36150
36152
36156
36157
36158
36177
36178
36188
36197
36205
36230
36231
36234
36238
36258
36281
36283
36284
36302
36307
36313
36316
36334
36340
36345
36352
36365
36385
36395
36398
36404
36411
36430
36436
36443
36465
36472
36479
36498
36512
36530
36531
36534
36545
36546
36547
36554
36563
36580
36583
36603
36611
36612
36613
36615
36643
36650
36654
36688
36691
36700
36713
36719
36730
36748
36758
36760
36762
36763
36767
36796
36799
36806
36818
36823
36840
36843
36856
36859
36873
36876
36889
36902
36916
36925
36926
36951
36954
36964
36967
36969
36972
37001
37034
37041
37055
37057
37064
37068
37073
37090
37093
37098
37100
37107
37131
37133
37146
37147
37165
37168
37193
37203
37212
37215
37245
37279
37288
37297
37298
37317
37327
37348
37353
37387
37389
37394
37399
37402
37420
37423
37471
37480
37494
37500
37508
37525
37536
37537
37550
37556
37561
37573
37583
37591
37596
37602
37612
37657
37665
37673
37684
37693
37694
37706
37713
37733
37753
37762
37769
37770
37775
37784
37811
37818
37819
37833
37834
37835
37853
37871
37875
37876
37878
37898
37900
37922
37930
37947
37960
37963
37971
37984
37987
37994
37999
38001
38004
38015
38017
38018
38026
38034
38075
38076
38088
38091
38096
38098
38117
38133
38144
38149
38178
38184
38186
38191
38210
38213
38215
38220
38224
38242
38243
38244
38246
38255
38257
38269
38278
38282
38291
38300
38304
38320
38329
38338
38349
38350
38374
38389
38422
38437
38447
38458
38468
38502
38504
38505
38506
38517
38521
38534
38537
38550
38556
38557
38575
38586
38598
38607
38615
38620
38621
38639
38650
38669
38672
38688
38705
38711
38723
38728
38738
38743
38758
38763
38776
38781
38783
38788
38794
38810
38814
38819
38836
38838
38857
38869
38890
38908
38913
38916
38920
38921
38923
38943
38954
38964
38972
38994
39003
39009
39010
39013
39014
39026
39038
39047
39048
39053
39056
39060
39062
39069
39082
39088
39089
39107
39113
39133
39150
39183
39190
39223
39244
39246
39252
39254
39257
39261
39275
39276
39289
39294
39305
39310
39314
39316
39345
39348
39357
39358
39371
39387
39390
39399
39401
39426
39439
39449
39459
39477
39490
39497
39500
39517
39523
39524
39534
39535
39540
39544
39557
39579
39580
39586
39605
39616
39643
39649
39651
39659
39672
39676
39687
39712
39729
39749
39752
39760
39769
39784
39813
39821
39826
39835
39845
39847
39863
39868
39877
39880
39913
39917
39920
39925
39949
39969
39989
40000
40001
40017
40018
40029
40046
40060
40061
40067
40070
40077
40080
40114
40117
40118
40143
40165
40170
40186
40193
40204
40211
40214
40216
40222
40231
40232
40239
40242
40243
40308
40311
40323
40338
40344
40357
40358
40368
40370
40378
40386
40387
40397
40406
40415
40419
40430
40435
40436
40442
40451
40465
40470
40476
40500
40505
40506
40510
40512
40524
40545
40557
40559
40590
40603
40627
40638
40643
40663
40668
40675
40679
40681
40684
40700
40701
40710
40712
40728
40729
40730
40742
40768
40774
40783
40784
40791
40794
40795
40807
40810
40822
40837
40838
40872
40873
40891
40906
40911
40916
40937
41002
41009
41024
41026
41044
41054
41061
41062
41083
41088
41095
41099
41113
41131
41148
41151
41161
41164
41168
41174
41176
41184
41194
41221
41224
41232
41236
41240
41244
41250
41275
41280
41297
41300
41309
41310
41313
41324
41325
41328
41336
41339
41345
41362
41365
41367
41379
41405
41414
41448
41450
41461
41470
41472
41479
41493
41496
41520
41527
41530
41532
41535
41549
41551
41558
41571
41584
41597
41601
41604
41615
41630
41650
41656
41660
41661
41677
41692
41697
41698
41700
41707
41717
41725
41760
41762
41769
41779
41788
41844
41851
41854
41871
41872
41891
41892
41910
41919
41920
41928
41941
41958
41972
41998
42004
42011
42016
42023
42030
42031
42036
42057
42061
42062
42064
42067
42077
42094
42105
42125
42134
42145
42146
42148
42163
42164
42169
42177
42191
42195
42200
42202
42204
42211
42265
42269
42281
42282
42283
42290
42292
42296
42320
42352
42354
42363
42368
42378
42403
42410
42415
42416
42418
42427
42430
42451
42461
42466
42468
42501
42514
42527
42528
42544
42548
42549
42573
42582
42592
42593
42594
42606
42613
42619
42621
42629
42639
42646
42648
42650
42670
42672
42695
42722
42725
42733
42739
42748
42751
42763
42772
42780
42782
42784
42790
42798
42800
42811
42824
42828
42831
42844
42876
42892
42897
42901
42928
42939
42959
42976
42977
42997
43005
43019
43023
43024
43036
43039
43046
43052
43075
43082
43087
43089
43104
43108
43143
43160
43163
43168
43178
43179
43187
43190
43202
43213
43222
43238
43277
43279
43284
43285
43288
43307
43313
43337
43340
43341
43346
43352
43354
43356
43361
43362
43374
43378
43381
43382
43384
43390
43400
43401
43408
43414
43427
43461
43470
43471
43483
43489
43491
43493
43496
43520
43528
43533
43541
43542
43555
43584
43598
43607
43618
43627
43628
43645
43669
43686
43707
43710
43719
43722
43723
43725
43763
43771
43774
43796
43798
43802
43821
43840
43841
43859
43860
43886
43890
43893
43898
43911
43912
43917
43919
43923
43924
43926
43956
43969
43990
43998
44005
44015
44039
44042
44050
44059
44062
44064
44067
44080
44111
44117
44139
44141
44145
44150
44156
44160
44169
44170
44175
44178
44185
44194
44212
44219
44239
44246
44252
44254
44257
44271
44297
44311
44322
44323
44353
44367
44378
44387
44392
44398
44409
44417
44434
44443
44465
44470
44472
44485
44500
44505
44512
44516
44526
44536
44538
44539
44552
44562
44566
44570
44572
44573
44574
44577
44588
44590
44595
44601
44610
44623
44626
44637
44640
44643
44658
44663
44669
44708
44717
44726
44734
44737
44756
44757
44772
44774
44787
44795
44803
44805
44807
44818
44832
44835
44836
44840
44849
44853
44865
44868
44896
44908
44911
44912
44914
44920
44927
44940
44943
44949
44954
44957
44965
44971
44972
44975
45004
45014
45020
45040
45045
45053
45054
45059
45060
45068
45081
45097
45102
45114
45143
45159
45170
45179
45180
45185
45187
45188
45192
45200
45215
45257
45258
45279
45285
45310
45314
45329
45333
45361
45374
45382
45392
45397
45411
45428
45435
45446
45456
45457
45466
45469
45483
45489
45492
45496
45518
45521
45524
45530
45533
45535
45548
45551
45570
45571
45583
45592
45594
45600
45606
45615
45618
45626
45637
45645
45652
45657
45663
45680
45691
45697
45715
45720
45735
45744
45776
45777
45804
45806
45807
45811
45829
45835
45844
45865
45871
45895
45901
45930
45937
45951
45967
45973
45978
45992
46009
46016
46031
46035
46042
46048
46053
46055
46076
46078
46081
46084
46095
46106
46119
46132
46133
46147
46151
46153
46155
46156
46160
46171
46174
46190
46201
46202
46215
46248
46249
46253
46260
46264
46265
46274
46278
46283
46297
46311
46321
46327
46340
46341
46349
46351
46356
46361
46363
46376
46404
46419
46422
46426
46429
46457
46462
46466
46473
46493
46501
46514
46515
46541
46565
46605
46607
46615
46618
46630
46636
46638
46641
46642
46648
46671
46672
46673
46686
46688
46697
46717
46724
46737
46744
46752
46765
46769
46770
46771
46779
46799
46819
46820
46832
46836
46851
46858
46873
46874
46875
46879
46888
46906
46928
46938
46945
46950
46957
46964
47003
47015
47049
47061
47062
47067
47071
47110
47117
47127
47137
47149
47160
47161
47168
47170
47180
47181
47182
47184
47203
47206
47221
47232
47242
47248
47253
47262
47266
47286
47303
47307
47325
47337
47349
47351
47362
47364
47374
47385
47399
47402
47416
47417
47423
47439
47453
47464
47485
47487
47495
47504
47511
47536
47537
47544
47559
47560
47568
47570
47595
47596
47600
47604
47613
47633
47640
47666
47677
47682
47698
47700
47717
47727
47733
47775
47793
47800
47806
47809
47829
47844
47849
47852
47859
47879
47893
47898
47906
47929
47931
47941
47978
47988
48001
48010
48035
48050
48053
48073
48080
48093
48095
48096
48098
48100
48102
48105
48108
48122
48124
48125
48135
48144
48146
48151
48165
48166
48170
48190
48201
48208
48221
48228
48241
48242
48247
48250
48259
48271
48275
48298
48305
48308
48315
48333
48341
48343
48377
48404
48416
48422
48432
48450
48452
48453
48473
48490
48501
48515
48519
48556
48562
48575
48585
48593
48610
48614
48619
48622
48639
48648
48651
48672
48675
48678
48691
48694
48709
48712
48717
48721
48724
48736
48759
48762
48768
48787
48801
48829
48832
48852
48861
48866
48869
48874
48878
48889
48893
48909
48910
48914
48923
48944
48948
48952
48955
48969
48976
48979
48988
48992
49012
49024
49045
49053
49056
49058
49063
49069
49071
49093
49116
49119
49120
49125
49136
49159
49174
49180
49184
49187
49209
49212
49235
49239
49240
49242
49257
49277
49301
49315
49320
49327
49330
49356
49361
49364
49365
49372
49385
49391
49399
49412
49413
49415
49444
49458
49472
49485
49491
49507
49516
49523
49531
49540
49551
49553
49554
49571
49584
49590
49615
49616
49635
49644
49662
49666
49691
49694
49698
49709
49719
49721
49736
49738
49742
49755
49758
49799
49806
49812
49818
49829
49846
49849
49862
49866
49867
49877
49891
49906
49909
49918
49921
49923
49933
49958
49978
49980
49986
50021
50037
50038
50046
50047
50064
50066
50075
50095
50100
50115
50121
50126
50129
50137
50143
50147
50162
50215
50224
50227
50233
50234
50244
50254
50255
50269
50278
50305
50325
50345
50351
50359
50360
50365
50370
50371
50375
50376
50380
50382
50392
50426
50438
50440
50443
50455
50461
50464
50468
50483
50488
50520
50536
50553
50579
50605
50614
50620
50627
50648
50655
50664
50665
50668
50681
50697
50706
50708
50721
50730
50732
50742
50743
50760
50763
50783
50792
50794
50795
50796
50805
50822
50849
50868
50872
50874
50877
50878
50884
50891
50894
50903
50905
50910
50920
50923
50942
50943
50963
50972
50978
50984
50992
50994
50999
51000
51004
51011
51023
51025
51034
51043
51062
51065
51068
51070
51074
51080
51084
51088
51102
51103
51113
51126
51138
51141
51161
51162
51166
51174
51178
51180
51181
51193
51198
51203
51204
51205
51229
51236
51279
51282
51292
51294
51300
51304
51306
51322
51335
51344
51346
51353
51358
51361
51363
51384
51389
51409
51420
51429
51441
51452
51460
51465
51477
51489
51496
51500
51502
51523
51526
51532
51537
51557
51558
51560
51568
51583
51586
51591
51621
51634
51636
51643
51650
51663
51683
51691
51704
51707
51752
51765
51766
51802
51806
51819
51825
51829
51832
51839
51856
51858
51859
51862
51879
51885
51911
51914
51916
51927
51935
51941
51958
51967
51971
51974
51984
51988
51996
52008
52010
52013
52052
52071
52077
52089
52092
52110
52113
52124
52137
52146
52147
52149
52162
52166
52173
52176
52178
52181
52196
52199
52216
52217
52235
52249
52256
52261
52301
52302
52321
52322
52330
52337
52339
52363
52391
52405
52407
52423
52436
52443
52460
52463
52466
52471
52475
52477
52480
52484
52486
52490
52497
52524
52525
52528
52568
52579
52587
52588
52591
52594
52603
52606
52633
52644
52666
52669
52670
52680
52687
52701
52705
52707
52730
52732
52735
52736
52744
52750
52752
52760
52779
52786
52787
52791
52803
52824
52825
52842
52861
52866
52879
52886
52899
52911
52925
52926
52937
52952
52960
52964
52969
52991
52992
52997
52998
53003
53021
53023
53060
53066
53074
53094
53097
53102
53113
53129
53137
53159
53164
53171
53183
53188
53210
53213
53214
53227
53232
53234
53242
53253
53258
53261
53274
53291
53302
53313
53333
53334
53338
53368
53372
53392
53415
53418
53423
53431
53441
53465
53478
53483
53490
53501
53510
53523
53525
53548
53549
53579
53589
53600
53601
53612
53614
53624
53629
53635
53643
53666
53679
53694
53699
53702
53719
53725
53763
53766
53770
53771
53779
53781
53783
53813
53832
53836
53839
53843
53852
53855
53858
53866
53886
53911
53931
53944
53956
53961
53962
53977
53986
54011
54022
54035
54037
54065
54066
54072
54096
54097
54099
54100
54106
54114
54115
54118
54135
54148
54152
54155
54167
54176
54186
54193
54194
54207
54212
54218
54219
54253
54256
54267
54274
54278
54287
54317
54364
54365
54372
54378
54385
54396
54405
54426
54435
54439
54441
54453
54472
54477
54478
54482
54494
54497
54522
54529
54532
54536
54540
54542
54555
54558
54561
54565
54606
54623
54632
54638
54643
54644
54663
54669
54678
54681
54688
54691
54695
54696
54721
54731
54732
54734
54740
54751
54759
54760
54761
54789
54792
54818
54863
54871
54882
54887
54890
54891
54912
54917
54925
54937
54940
54957
54964
54966
54971
54995
55003
55021
55034
55041
55052
55059
55078
55079
55082
55084
55086
55088
55090
55094
55113
55117
55119
55147
55167
55171
55174
55180
55189
55195
55205
55210
55216
55237
55238
55244
55266
55270
55276
55291
55309
55329
55344
55346
55363
55365
55374
55384
55409
55413
55422
55425
55426
55431
55439
55444
55446
55448
55452
55466
55467
55476
55480
55486
55492
55494
55514
55517
55518
55535
55544
55553
55560
55562
55603
55608
55613
55647
55659
55668
55689
55693
55699
55700
55709
55724
55735
55744
55750
55756
55759
55779
55799
55802
55809
55826
55829
55842
55843
55848
55854
55863
55882
55885
55887
55895
55896
55915
55916
55918
55928
55934
55945
55971
56017
56028
56030
56034
56037
56042
56052
56058
56064
56066
56074
56076
56077
56086
56095
56096
56107
56109
56111
56112
56121
56131
56132
56160
56167
56196
56209
56218
56220
56233
56253
56266
56272
56274
56285
56287
56294
56329
56346
56354
56356
56359
56381
56382
56390
56392
56393
56410
56416
56418
56426
56432
56438
56439
56451
56453
56462
56472
56482
56483
56500
56503
56510
56518
56521
56531
56534
56542
56543
56546
56555
56567
56588
56591
56601
56604
56611
56638
56640
56650
56652
56653
56670
56679
56680
56694
56701
56722
56729
56749
56756
56769
56780
56787
56794
56798
56806
56814
56815
56816
56822
56828
56832
56837
56841
56844
56846
56850
56873
56880
56888
56892
56895
56897
56900
56909
56915
56920
56924
56931
56932
56983
56992
57017
57032
57044
57048
57063
57066
57071
57074
57078
57083
57097
57098
57099
57110
57119
57134
57137
57150
57177
57178
57181
57188
57196
57204
57215
57230
57235
57255
57280
57282
57285
57286
57292
57323
57325
57334
57337
57344
57350
57357
57365
57367
57372
57376
57380
57386
57405
57414
57429
57431
57445
57458
57465
57479
57485
57502
57504
57512
57526
57534
57535
57540
57541
57546
57547
57549
57550
57555
57556
57560
57564
57570
57572
57576
57581
57600
57609
57621
57643
57646
57652
57653
57663
57672
57676
57692
57702
57703
57718
57723
57725
57748
57751
57763
57774
57792
57809
57825
57828
57836
57839
57851
57858
57866
57867
57884
57885
57905
57921
57923
57925
57927
57949
57958
57970
57978
57980
57991
57996
58009
58029
58042
58061
58078
58090
58092
58094
58095
58099
58106
58109
58118
58125
58128
58140
58143
58167
58177
58185
58188
58197
58202
58204
58205
58214
58221
58228
58258
58272
58282
58292
58299
58308
58310
58337
58342
58346
58349
58367
58383
58393
58425
58444
58450
58453
58455
58480
58485
58490
58497
58507
58517
58520
58524
58526
58528
58530
58565
58571
58574
58583
58589
58606
58614
58624
58631
58635
58648
58671
58676
58681
58683
58687
58690
58701
58708
58715
58725
58733
58750
58751
58778
58788
58816
58826
58836
58844
58848
58885
58890
58899
58901
58907
58912
58925
58932
58941
58950
58959
58972
58974
58975
58977
58981
58988
59003
59019
59025
59031
59048
59056
59066
59068
59082
59083
59088
59107
59115
59118
59124
59138
59140
59162
59172
59182
59198
59204
59209
59213
59246
59250
59254
59264
59276
59279
59285
59293
59304
59306
59323
59332
59348
59360
59370
59379
59388
59389
59405
59412
59424
59435
59441
59462
59468
59469
59484
59494
59504
59513
59516
59520
59524
59526
59533
59552
59554
59560
59561
59592
59602
59611
59617
59626
59638
59646
59661
59664
59665
59682
59703
59710
59717
59724
59733
59739
59740
59745
59746
59767
59774
59779
59792
59802
59812
59830
59839
59842
59843
59845
59851
59856
59871
59894
59908
59925
59935
59937
59938
59953
59963
59977
59988
